Norms are:
	-One norm: 0.0826788
	-Two norm: 0.102693
	-Uniform norm: 0.121837
Numerical 					 Analytical
x t=0s t=0.1s t=0.2s t=0.3s t=0.4s t=0.5s
0.000000, 0.000000, 0.000000, 0.000000, 0.000000, 0.000000, 0.000000, 0.000000, 0.000000, 0.000000, 0.000000, 0.000000, 0.000000, 
5.000000, 0.000000, 0.000000, 0.000000, 0.000000, 0.000000, 0.000000, 0.000000, 0.000000, 0.000000, 0.000000, 0.000000, 0.000000, 
10.000000, 0.000000, 0.000000, 0.000000, 0.000000, 0.000000, 0.000000, 0.000000, 0.000000, 0.000000, 0.000000, 0.000000, 0.000000, 
15.000000, 0.000000, 0.000000, 0.000000, 0.000000, 0.000000, 0.000000, 0.000000, 0.000000, 0.000000, 0.000000, 0.000000, 0.000000, 
20.000000, 0.000000, 0.000000, 0.000000, 0.000000, 0.000000, 0.000000, 0.000000, 0.000000, 0.000000, 0.000000, 0.000000, 0.000000, 
25.000000, 0.000000, 0.000000, 0.000000, 0.000000, 0.000000, 0.000000, 0.000000, 0.000000, 0.000000, 0.000000, 0.000000, 0.000000, 
30.000000, 0.000000, 0.000000, 0.000000, 0.000000, 0.000000, 0.000000, 0.000000, 0.000000, 0.000000, 0.000000, 0.000000, 0.000000, 
35.000000, 0.000000, 0.000000, 0.000000, 0.000000, 0.000000, 0.000000, 0.000000, 0.000000, 0.000000, 0.000000, 0.000000, 0.000000, 
40.000000, 0.000000, 0.000000, 0.000000, 0.000000, 0.000000, 0.000000, 0.000000, 0.000000, 0.000000, 0.000000, 0.000000, 0.000000, 
45.000000, 0.000000, 0.000000, 0.000000, 0.000000, 0.000000, 0.000000, 0.000000, 0.000000, 0.000000, 0.000000, 0.000000, 0.000000, 
50.000000, 0.000000, 0.000000, 0.000000, 0.000000, 0.000000, 0.000000, 0.000000, 0.000000, 0.000000, 0.000000, 0.000000, 0.000000, 
55.000000, 25.881905, 0.025275, 0.000025, 0.000000, 0.000000, 0.000000, 25.881905, 0.000000, 0.000000, 0.000000, 0.000000, 0.000000, 
60.000000, 50.000000, 0.301581, 0.000541, 0.000001, 0.000000, 0.000000, 50.000000, 0.000000, 0.000000, 0.000000, 0.000000, 0.000000, 
65.000000, 70.710678, 1.694723, 0.005711, 0.000012, 0.000000, 0.000000, 70.710678, 0.000000, 0.000000, 0.000000, 0.000000, 0.000000, 
70.000000, 86.602540, 6.005408, 0.038630, 0.000120, 0.000000, 0.000000, 86.602540, 0.000000, 0.000000, 0.000000, 0.000000, 0.000000, 
75.000000, 96.592583, 15.214647, 0.188505, 0.000881, 0.000003, 0.000000, 96.592583, 0.000000, 0.000000, 0.000000, 0.000000, 0.000000, 
80.000000, 100.000000, 29.756408, 0.708217, 0.005016, 0.000020, 0.000000, 100.000000, 25.881905, 0.000000, 0.000000, 0.000000, 0.000000, 
85.000000, 96.592583, 47.578131, 2.136375, 0.023123, 0.000127, 0.000000, 96.592583, 50.000000, 0.000000, 0.000000, 0.000000, 0.000000, 
90.000000, 86.602540, 65.190519, 5.332362, 0.088725, 0.000664, 0.000003, 86.602540, 70.710678, 0.000000, 0.000000, 0.000000, 0.000000, 
95.000000, 70.710678, 79.497669, 11.274263, 0.289362, 0.002966, 0.000018, 70.710678, 86.602540, 0.000000, 0.000000, 0.000000, 0.000000, 
100.000000, 50.000000, 88.639937, 20.593583, 0.815145, 0.011502, 0.000089, 50.000000, 96.592583, -0.000000, 0.000000, 0.000000, 0.000000, 
105.000000, 25.881905, 91.766816, 33.069799, 2.009594, 0.039208, 0.000390, 25.881905, 100.000000, 25.881905, 0.000000, 0.000000, 0.000000, 
110.000000, 0.000000, 88.639937, 47.438104, 4.383851, 0.118661, 0.001524, 0.000000, 96.592583, 50.000000, 0.000000, 0.000000, 0.000000, 
115.000000, 0.000000, 79.497669, 61.682912, 8.544224, 0.321538, 0.005344, 0.000000, 86.602540, 70.710678, 0.000000, 0.000000, 0.000000, 
120.000000, 0.000000, 65.190519, 73.638043, 15.009061, 0.785759, 0.016957, 0.000000, 70.710678, 86.602540, 0.000000, 0.000000, 0.000000, 
125.000000, 0.000000, 47.578131, 81.536263, 23.956394, 1.742710, 0.048974, 0.000000, 50.000000, 96.592583, 0.000000, 0.000000, 0.000000, 
130.000000, 0.000000, 29.756408, 84.288744, 35.010250, 3.527781, 0.129395, 0.000000, 25.881905, 100.000000, 25.881905, 0.000000, 0.000000, 
135.000000, 0.000000, 15.214647, 81.536263, 47.184203, 6.551946, 0.314182, 0.000000, 0.000000, 96.592583, 50.000000, 0.000000, 0.000000, 
140.000000, 0.000000, 6.005408, 73.638043, 59.032805, 11.218334, 0.703928, 0.000000, 0.000000, 86.602540, 70.710678, 0.000000, 0.000000, 
145.000000, 0.000000, 1.694723, 61.682912, 68.957599, 17.789212, 1.460712, 0.000000, 0.000000, 70.710678, 86.602540, 0.000000, 0.000000, 
150.000000, 0.000000, 0.301581, 47.438104, 75.548877, 26.238538, 2.816918, 0.000000, 0.000000, 50.000000, 96.592583, 0.000000, 0.000000, 
155.000000, 0.000000, 0.025275, 33.069799, 77.856922, 36.146395, 5.064562, 0.000000, 0.000000, 25.881905, 100.000000, 25.881905, 0.000000, 
160.000000, 0.000000, 0.000000, 20.593583, 75.548877, 46.687687, 8.514829, 0.000000, 0.000000, 0.000000, 96.592583, 50.000000, 0.000000, 
165.000000, 0.000000, 0.000000, 11.274263, 68.957599, 56.736154, 13.425218, 0.000000, 0.000000, 0.000000, 86.602540, 70.710678, 0.000000, 
170.000000, 0.000000, 0.000000, 5.332362, 59.032805, 65.061275, 19.905232, 0.000000, 0.000000, 0.000000, 70.710678, 86.602540, 0.000000, 
175.000000, 0.000000, 0.000000, 2.136375, 47.184203, 70.563594, 27.825657, 0.000000, 0.000000, 0.000000, 50.000000, 96.592583, 0.000000, 
180.000000, 0.000000, 0.000000, 0.708217, 35.010250, 72.487259, 36.763863, 0.000000, 0.000000, 0.000000, 25.881905, 100.000000, 25.881905, 
185.000000, 0.000000, 0.000000, 0.188505, 23.956394, 70.563594, 46.012361, 0.000000, 0.000000, 0.000000, 0.000000, 96.592583, 50.000000, 
190.000000, 0.000000, 0.000000, 0.038630, 15.009061, 65.061275, 54.660606, 0.000000, 0.000000, 0.000000, 0.000000, 86.602540, 70.710678, 
195.000000, 0.000000, 0.000000, 0.005711, 8.544224, 56.736154, 61.737163, 0.000000, 0.000000, 0.000000, 0.000000, 70.710678, 86.602540, 
200.000000, 0.000000, 0.000000, 0.000541, 4.383851, 46.687687, 66.380511, 0.000000, 0.000000, 0.000000, 0.000000, 50.000000, 96.592583, 
205.000000, 0.000000, 0.000000, 0.000025, 2.009594, 36.146395, 67.998541, 0.000000, 0.000000, 0.000000, 0.000000, 25.881905, 100.000000, 
210.000000, 0.000000, 0.000000, 0.000000, 0.815145, 26.238538, 66.380511, 0.000000, 0.000000, 0.000000, 0.000000, 0.000000, 96.592583, 
215.000000, 0.000000, 0.000000, 0.000000, 0.289362, 17.789212, 61.737163, 0.000000, 0.000000, 0.000000, 0.000000, 0.000000, 86.602540, 
220.000000, 0.000000, 0.000000, 0.000000, 0.088725, 11.218334, 54.660606, 0.000000, 0.000000, 0.000000, 0.000000, 0.000000, 70.710678, 
225.000000, 0.000000, 0.000000, 0.000000, 0.023123, 6.551946, 46.012361, 0.000000, 0.000000, 0.000000, 0.000000, 0.000000, 50.000000, 
230.000000, 0.000000, 0.000000, 0.000000, 0.005016, 3.527781, 36.763863, 0.000000, 0.000000, 0.000000, 0.000000, 0.000000, 25.881905, 
235.000000, 0.000000, 0.000000, 0.000000, 0.000881, 1.742710, 27.825657, 0.000000, 0.000000, 0.000000, 0.000000, 0.000000, 0.000000, 
240.000000, 0.000000, 0.000000, 0.000000, 0.000120, 0.785759, 19.905232, 0.000000, 0.000000, 0.000000, 0.000000, 0.000000, 0.000000, 
245.000000, 0.000000, 0.000000, 0.000000, 0.000012, 0.321538, 13.425218, 0.000000, 0.000000, 0.000000, 0.000000, 0.000000, 0.000000, 
250.000000, 0.000000, 0.000000, 0.000000, 0.000001, 0.118661, 8.514829, 0.000000, 0.000000, 0.000000, 0.000000, 0.000000, 0.000000, 
255.000000, 0.000000, 0.000000, 0.000000, 0.000000, 0.039208, 5.064562, 0.000000, 0.000000, 0.000000, 0.000000, 0.000000, 0.000000, 
260.000000, 0.000000, 0.000000, 0.000000, 0.000000, 0.011502, 2.816918, 0.000000, 0.000000, 0.000000, 0.000000, 0.000000, 0.000000, 
265.000000, 0.000000, 0.000000, 0.000000, 0.000000, 0.002966, 1.460712, 0.000000, 0.000000, 0.000000, 0.000000, 0.000000, 0.000000, 
270.000000, 0.000000, 0.000000, 0.000000, 0.000000, 0.000664, 0.703928, 0.000000, 0.000000, 0.000000, 0.000000, 0.000000, 0.000000, 
275.000000, 0.000000, 0.000000, 0.000000, 0.000000, 0.000127, 0.314182, 0.000000, 0.000000, 0.000000, 0.000000, 0.000000, 0.000000, 
280.000000, 0.000000, 0.000000, 0.000000, 0.000000, 0.000020, 0.129395, 0.000000, 0.000000, 0.000000, 0.000000, 0.000000, 0.000000, 
285.000000, 0.000000, 0.000000, 0.000000, 0.000000, 0.000003, 0.048974, 0.000000, 0.000000, 0.000000, 0.000000, 0.000000, 0.000000, 
290.000000, 0.000000, 0.000000, 0.000000, 0.000000, 0.000000, 0.016957, 0.000000, 0.000000, 0.000000, 0.000000, 0.000000, 0.000000, 
295.000000, 0.000000, 0.000000, 0.000000, 0.000000, 0.000000, 0.005344, 0.000000, 0.000000, 0.000000, 0.000000, 0.000000, 0.000000, 
300.000000, 0.000000, 0.000000, 0.000000, 0.000000, 0.000000, 0.001524, 0.000000, 0.000000, 0.000000, 0.000000, 0.000000, 0.000000, 
305.000000, 0.000000, 0.000000, 0.000000, 0.000000, 0.000000, 0.000390, 0.000000, 0.000000, 0.000000, 0.000000, 0.000000, 0.000000, 
310.000000, 0.000000, 0.000000, 0.000000, 0.000000, 0.000000, 0.000089, 0.000000, 0.000000, 0.000000, 0.000000, 0.000000, 0.000000, 
315.000000, 0.000000, 0.000000, 0.000000, 0.000000, 0.000000, 0.000018, 0.000000, 0.000000, 0.000000, 0.000000, 0.000000, 0.000000, 
320.000000, 0.000000, 0.000000, 0.000000, 0.000000, 0.000000, 0.000003, 0.000000, 0.000000, 0.000000, 0.000000, 0.000000, 0.000000, 
325.000000, 0.000000, 0.000000, 0.000000, 0.000000, 0.000000, 0.000000, 0.000000, 0.000000, 0.000000, 0.000000, 0.000000, 0.000000, 
330.000000, 0.000000, 0.000000, 0.000000, 0.000000, 0.000000, 0.000000, 0.000000, 0.000000, 0.000000, 0.000000, 0.000000, 0.000000, 
335.000000, 0.000000, 0.000000, 0.000000, 0.000000, 0.000000, 0.000000, 0.000000, 0.000000, 0.000000, 0.000000, 0.000000, 0.000000, 
340.000000, 0.000000, 0.000000, 0.000000, 0.000000, 0.000000, 0.000000, 0.000000, 0.000000, 0.000000, 0.000000, 0.000000, 0.000000, 
345.000000, 0.000000, 0.000000, 0.000000, 0.000000, 0.000000, 0.000000, 0.000000, 0.000000, 0.000000, 0.000000, 0.000000, 0.000000, 
350.000000, 0.000000, 0.000000, 0.000000, 0.000000, 0.000000, 0.000000, 0.000000, 0.000000, 0.000000, 0.000000, 0.000000, 0.000000, 
355.000000, 0.000000, 0.000000, 0.000000, 0.000000, 0.000000, 0.000000, 0.000000, 0.000000, 0.000000, 0.000000, 0.000000, 0.000000, 
360.000000, 0.000000, 0.000000, 0.000000, 0.000000, 0.000000, 0.000000, 0.000000, 0.000000, 0.000000, 0.000000, 0.000000, 0.000000, 
365.000000, 0.000000, 0.000000, 0.000000, 0.000000, 0.000000, 0.000000, 0.000000, 0.000000, 0.000000, 0.000000, 0.000000, 0.000000, 
370.000000, 0.000000, 0.000000, 0.000000, 0.000000, 0.000000, 0.000000, 0.000000, 0.000000, 0.000000, 0.000000, 0.000000, 0.000000, 
375.000000, 0.000000, 0.000000, 0.000000, 0.000000, 0.000000, 0.000000, 0.000000, 0.000000, 0.000000, 0.000000, 0.000000, 0.000000, 
380.000000, 0.000000, 0.000000, 0.000000, 0.000000, 0.000000, 0.000000, 0.000000, 0.000000, 0.000000, 0.000000, 0.000000, 0.000000, 
385.000000, 0.000000, 0.000000, 0.000000, 0.000000, 0.000000, 0.000000, 0.000000, 0.000000, 0.000000, 0.000000, 0.000000, 0.000000, 
390.000000, 0.000000, 0.000000, 0.000000, 0.000000, 0.000000, 0.000000, 0.000000, 0.000000, 0.000000, 0.000000, 0.000000, 0.000000, 
395.000000, 0.000000, 0.000000, 0.000000, 0.000000, 0.000000, 0.000000, 0.000000, 0.000000, 0.000000, 0.000000, 0.000000, 0.000000, 
400.000000, 0.000000, 0.000000, 0.000000, 0.000000, 0.000000, 0.000000, 0.000000, 0.000000, 0.000000, 0.000000, 0.000000, 0.000000, 
