Norms are:
	-One norm: 0.0524591
	-Two norm: 0.0911712
	-Uniform norm: 0.153925
Numerical 					 Analytical
x t=0s t=0.1s t=0.2s t=0.3s t=0.4s t=0.5s
0.000000, 0.000000, 0.000000, 0.000000, 0.000000, 0.000000, 0.000000, 0.000000, 0.000000, 0.000000, 0.000000, 0.000000, 0.000000, 
5.000000, 0.000000, 0.000000, 0.000000, 0.000000, 0.000000, 0.000000, 0.000000, 0.000000, 0.000000, 0.000000, 0.000000, 0.000000, 
10.000000, 0.000000, 0.000000, 0.000000, 0.000000, 0.000000, 0.000000, 0.000000, 0.000000, 0.000000, 0.000000, 0.000000, 0.000000, 
15.000000, 0.000000, 0.000000, 0.000000, 0.000000, 0.000000, 0.000000, 0.000000, 0.000000, 0.000000, 0.000000, 0.000000, 0.000000, 
20.000000, 0.000000, 0.000000, 0.000000, 0.000000, 0.000000, 0.000000, 0.000000, 0.000000, 0.000000, 0.000000, 0.000000, 0.000000, 
25.000000, 0.000000, 0.000000, 0.000000, 0.000000, 0.000000, 0.000000, 0.000000, 0.000000, 0.000000, 0.000000, 0.000000, 0.000000, 
30.000000, 0.000000, 0.000000, 0.000000, 0.000000, 0.000000, 0.000000, 0.000000, 0.000000, 0.000000, 0.000000, 0.000000, 0.000000, 
35.000000, 0.000000, 0.000000, 0.000000, 0.000000, 0.000000, 0.000000, 0.000000, 0.000000, 0.000000, 0.000000, 0.000000, 0.000000, 
40.000000, 0.000000, 0.000000, 0.000000, 0.000000, 0.000000, 0.000000, 0.000000, 0.000000, 0.000000, 0.000000, 0.000000, 0.000000, 
45.000000, 0.000000, 0.000000, 0.000000, 0.000000, 0.000000, 0.000000, 0.000000, 0.000000, 0.000000, 0.000000, 0.000000, 0.000000, 
50.000000, 0.000000, 0.000000, 0.000000, 0.000000, 0.000000, 0.000000, 0.000000, 0.000000, 0.000000, 0.000000, 0.000000, 0.000000, 
55.000000, 25.881905, 0.082077, 0.000260, 0.000001, 0.000000, 0.000000, 25.881905, 0.000000, 0.000000, 0.000000, 0.000000, 0.000000, 
60.000000, 50.000000, 0.705741, 0.003973, 0.000018, 0.000000, 0.000000, 50.000000, 0.000000, 0.000000, 0.000000, 0.000000, 0.000000, 
65.000000, 70.710678, 3.014046, 0.029973, 0.000196, 0.000001, 0.000000, 70.710678, 0.000000, 0.000000, 0.000000, 0.000000, 0.000000, 
70.000000, 86.602540, 8.582423, 0.149175, 0.001408, 0.000010, 0.000000, 86.602540, 0.000000, 0.000000, 0.000000, 0.000000, 0.000000, 
75.000000, 96.592583, 18.475342, 0.551882, 0.007492, 0.000069, 0.000001, 96.592583, -0.000000, 0.000000, 0.000000, 0.000000, 0.000000, 
80.000000, 100.000000, 32.345913, 1.621788, 0.031617, 0.000383, 0.000004, 100.000000, 25.881905, 0.000000, 0.000000, 0.000000, 0.000000, 
85.000000, 96.592583, 48.376093, 3.951634, 0.110273, 0.001749, 0.000020, 96.592583, 50.000000, 0.000000, 0.000000, 0.000000, 0.000000, 
90.000000, 86.602540, 64.018809, 8.231028, 0.327175, 0.006799, 0.000096, 86.602540, 70.710678, 0.000000, 0.000000, 0.000000, 0.000000, 
95.000000, 70.710678, 76.874612, 15.000401, 0.843672, 0.022949, 0.000400, 70.710678, 86.602540, 0.000000, 0.000000, 0.000000, 0.000000, 
100.000000, 50.000000, 85.191921, 24.363417, 1.922610, 0.068376, 0.001480, 50.000000, 96.592583, 0.000000, 0.000000, 0.000000, 0.000000, 
105.000000, 25.881905, 87.960349, 35.802530, 3.924419, 0.182129, 0.004892, 25.881905, 100.000000, 25.881905, 0.000000, 0.000000, 0.000000, 
110.000000, 0.000000, 84.812245, 48.198509, 7.255592, 0.438292, 0.014607, 0.000000, 96.592583, 50.000000, 0.000000, 0.000000, 0.000000, 
115.000000, 0.000000, 75.985859, 60.046369, 12.265741, 0.961324, 0.039734, 0.000000, 86.602540, 70.710678, 0.000000, 0.000000, 0.000000, 
120.000000, 0.000000, 62.532333, 69.770142, 19.115010, 1.936236, 0.099174, 0.000000, 70.710678, 86.602540, 0.000000, 0.000000, 0.000000, 
125.000000, 0.000000, 46.550733, 76.024646, 27.655231, 3.604560, 0.228543, 0.000000, 50.000000, 96.592583, 0.000000, 0.000000, 0.000000, 
130.000000, 0.000000, 30.862340, 77.923113, 37.371805, 6.237780, 0.488892, 0.000000, 25.881905, 100.000000, 25.881905, 0.000000, 0.000000, 
135.000000, 0.000000, 17.980160, 75.184956, 47.415239, 10.085218, 0.975452, 0.000000, 0.000000, 96.592583, 50.000000, 0.000000, 0.000000, 
140.000000, 0.000000, 9.109378, 68.206720, 56.720927, 15.302738, 1.822996, 0.000000, 0.000000, 86.602540, 70.710678, 0.000000, 0.000000, 
145.000000, 0.000000, 3.981736, 58.026944, 64.188674, 21.878447, 3.203335, 0.000000, 0.000000, 70.710678, 86.602540, 0.000000, 0.000000, 
150.000000, 0.000000, 1.492033, 46.140972, 68.880008, 29.577467, 5.310614, 0.000000, 0.000000, 50.000000, 96.592583, 0.000000, 0.000000, 
155.000000, 0.000000, 0.476513, 34.171770, 70.191494, 37.926393, 8.332213, 0.000000, 0.000000, 25.881905, 100.000000, 25.881905, 0.000000, 
160.000000, 0.000000, 0.128903, 23.492980, 67.969528, 46.249154, 12.407098, 0.000000, 0.000000, 0.000000, 96.592583, 50.000000, 0.000000, 
165.000000, 0.000000, 0.029316, 14.950546, 62.541742, 53.752634, 17.578356, 0.000000, 0.000000, 0.000000, 86.602540, 70.710678, 0.000000, 
170.000000, 0.000000, 0.005552, 8.786253, 54.653682, 59.647102, 23.750750, 0.000000, 0.000000, 0.000000, 70.710678, 86.602540, 0.000000, 
175.000000, 0.000000, 0.000864, 4.759518, 45.319861, 63.277086, 30.665666, 0.000000, 0.000000, 0.000000, 50.000000, 96.592583, 0.000000, 
180.000000, 0.000000, 0.000109, 2.372945, 35.623135, 64.234942, 37.903739, 0.000000, 0.000000, 0.000000, 25.881905, 100.000000, 25.881905, 
185.000000, 0.000000, 0.000011, 1.087555, 26.514890, 62.432310, 44.919989, 0.000000, 0.000000, 0.000000, 0.000000, 96.592583, 50.000000, 
190.000000, 0.000000, 0.000001, 0.457723, 18.669190, 58.113320, 51.108709, 0.000000, 0.000000, 0.000000, 0.000000, 86.602540, 70.710678, 
195.000000, 0.000000, 0.000000, 0.176736, 12.423677, 51.806263, 55.887803, 0.000000, 0.000000, 0.000000, 0.000000, 70.710678, 86.602540, 
200.000000, 0.000000, 0.000000, 0.062545, 7.807859, 44.224841, 58.786785, 0.000000, 0.000000, 0.000000, 0.000000, 50.000000, 96.592583, 
205.000000, 0.000000, 0.000000, 0.020265, 4.631235, 36.142321, 59.520757, 0.000000, 0.000000, 0.000000, 0.000000, 25.881905, 100.000000, 
210.000000, 0.000000, 0.000000, 0.006005, 2.591329, 28.267887, 58.034998, 0.000000, 0.000000, 0.000000, 0.000000, 0.000000, 96.592583, 
215.000000, 0.000000, 0.000000, 0.001625, 1.367195, 21.151991, 54.510888, 0.000000, 0.000000, 0.000000, 0.000000, 0.000000, 86.602540, 
220.000000, 0.000000, 0.000000, 0.000401, 0.679947, 15.137244, 49.332300, 0.000000, 0.000000, 0.000000, 0.000000, 0.000000, 70.710678, 
225.000000, 0.000000, 0.000000, 0.000090, 0.318665, 10.357370, 43.020304, 0.000000, 0.000000, 0.000000, 0.000000, 0.000000, 50.000000, 
230.000000, 0.000000, 0.000000, 0.000018, 0.140701, 6.774008, 36.150666, 0.000000, 0.000000, 0.000000, 0.000000, 0.000000, 25.881905, 
235.000000, 0.000000, 0.000000, 0.000003, 0.058514, 4.233898, 29.271456, 0.000000, 0.000000, 0.000000, 0.000000, 0.000000, 0.000000, 
240.000000, 0.000000, 0.000000, 0.000001, 0.022915, 2.528465, 22.836443, 0.000000, 0.000000, 0.000000, 0.000000, 0.000000, 0.000000, 
245.000000, 0.000000, 0.000000, 0.000000, 0.008448, 1.442563, 17.164574, 0.000000, 0.000000, 0.000000, 0.000000, 0.000000, 0.000000, 
250.000000, 0.000000, 0.000000, 0.000000, 0.002931, 0.786191, 12.428567, 0.000000, 0.000000, 0.000000, 0.000000, 0.000000, 0.000000, 
255.000000, 0.000000, 0.000000, 0.000000, 0.000957, 0.409261, 8.668780, 0.000000, 0.000000, 0.000000, 0.000000, 0.000000, 0.000000, 
260.000000, 0.000000, 0.000000, 0.000000, 0.000294, 0.203481, 5.823902, 0.000000, 0.000000, 0.000000, 0.000000, 0.000000, 0.000000, 
265.000000, 0.000000, 0.000000, 0.000000, 0.000085, 0.096622, 3.768473, 0.000000, 0.000000, 0.000000, 0.000000, 0.000000, 0.000000, 
270.000000, 0.000000, 0.000000, 0.000000, 0.000023, 0.043816, 2.348524, 0.000000, 0.000000, 0.000000, 0.000000, 0.000000, 0.000000, 
275.000000, 0.000000, 0.000000, 0.000000, 0.000006, 0.018975, 1.409586, 0.000000, 0.000000, 0.000000, 0.000000, 0.000000, 0.000000, 
280.000000, 0.000000, 0.000000, 0.000000, 0.000001, 0.007846, 0.814798, 0.000000, 0.000000, 0.000000, 0.000000, 0.000000, 0.000000, 
285.000000, 0.000000, 0.000000, 0.000000, 0.000000, 0.003098, 0.453596, 0.000000, 0.000000, 0.000000, 0.000000, 0.000000, 0.000000, 
290.000000, 0.000000, 0.000000, 0.000000, 0.000000, 0.001168, 0.243194, 0.000000, 0.000000, 0.000000, 0.000000, 0.000000, 0.000000, 
295.000000, 0.000000, 0.000000, 0.000000, 0.000000, 0.000420, 0.125575, 0.000000, 0.000000, 0.000000, 0.000000, 0.000000, 0.000000, 
300.000000, 0.000000, 0.000000, 0.000000, 0.000000, 0.000144, 0.062450, 0.000000, 0.000000, 0.000000, 0.000000, 0.000000, 0.000000, 
305.000000, 0.000000, 0.000000, 0.000000, 0.000000, 0.000047, 0.029912, 0.000000, 0.000000, 0.000000, 0.000000, 0.000000, 0.000000, 
310.000000, 0.000000, 0.000000, 0.000000, 0.000000, 0.000015, 0.013799, 0.000000, 0.000000, 0.000000, 0.000000, 0.000000, 0.000000, 
315.000000, 0.000000, 0.000000, 0.000000, 0.000000, 0.000004, 0.006131, 0.000000, 0.000000, 0.000000, 0.000000, 0.000000, 0.000000, 
320.000000, 0.000000, 0.000000, 0.000000, 0.000000, 0.000001, 0.002624, 0.000000, 0.000000, 0.000000, 0.000000, 0.000000, 0.000000, 
325.000000, 0.000000, 0.000000, 0.000000, 0.000000, 0.000000, 0.001081, 0.000000, 0.000000, 0.000000, 0.000000, 0.000000, 0.000000, 
330.000000, 0.000000, 0.000000, 0.000000, 0.000000, 0.000000, 0.000429, 0.000000, 0.000000, 0.000000, 0.000000, 0.000000, 0.000000, 
335.000000, 0.000000, 0.000000, 0.000000, 0.000000, 0.000000, 0.000164, 0.000000, 0.000000, 0.000000, 0.000000, 0.000000, 0.000000, 
340.000000, 0.000000, 0.000000, 0.000000, 0.000000, 0.000000, 0.000060, 0.000000, 0.000000, 0.000000, 0.000000, 0.000000, 0.000000, 
345.000000, 0.000000, 0.000000, 0.000000, 0.000000, 0.000000, 0.000021, 0.000000, 0.000000, 0.000000, 0.000000, 0.000000, 0.000000, 
350.000000, 0.000000, 0.000000, 0.000000, 0.000000, 0.000000, 0.000007, 0.000000, 0.000000, 0.000000, 0.000000, 0.000000, 0.000000, 
355.000000, 0.000000, 0.000000, 0.000000, 0.000000, 0.000000, 0.000002, 0.000000, 0.000000, 0.000000, 0.000000, 0.000000, 0.000000, 
360.000000, 0.000000, 0.000000, 0.000000, 0.000000, 0.000000, 0.000001, 0.000000, 0.000000, 0.000000, 0.000000, 0.000000, 0.000000, 
365.000000, 0.000000, 0.000000, 0.000000, 0.000000, 0.000000, 0.000000, 0.000000, 0.000000, 0.000000, 0.000000, 0.000000, 0.000000, 
370.000000, 0.000000, 0.000000, 0.000000, 0.000000, 0.000000, 0.000000, 0.000000, 0.000000, 0.000000, 0.000000, 0.000000, 0.000000, 
375.000000, 0.000000, 0.000000, 0.000000, 0.000000, 0.000000, 0.000000, 0.000000, 0.000000, 0.000000, 0.000000, 0.000000, 0.000000, 
380.000000, 0.000000, 0.000000, 0.000000, 0.000000, 0.000000, 0.000000, 0.000000, 0.000000, 0.000000, 0.000000, 0.000000, 0.000000, 
385.000000, 0.000000, 0.000000, 0.000000, 0.000000, 0.000000, 0.000000, 0.000000, 0.000000, 0.000000, 0.000000, 0.000000, 0.000000, 
390.000000, 0.000000, 0.000000, 0.000000, 0.000000, 0.000000, 0.000000, 0.000000, 0.000000, 0.000000, 0.000000, 0.000000, 0.000000, 
395.000000, 0.000000, 0.000000, 0.000000, 0.000000, 0.000000, 0.000000, 0.000000, 0.000000, 0.000000, 0.000000, 0.000000, 0.000000, 
400.000000, 0.000000, 0.000000, 0.000000, 0.000000, 0.000000, 0.000000, 0.000000, 0.000000, 0.000000, 0.000000, 0.000000, 0.000000, 
