Norms are:
	-One norm: 3315.43
	-Two norm: 2035.28
	-Uniform norm: 3211.79
Numerical 					 Analytical
x t=0s t=0.1s t=0.2s t=0.3s t=0.4s t=0.5s
0.000000, 0.000000, 0.000000, 0.000000, 0.000000, 0.000000, 0.000000, 0.000000, 0.000000, 0.000000, 0.000000, 0.000000, 0.000000, 
5.000000, 0.000000, 0.000000, 0.000000, 0.000000, 0.000000, 0.000000, 0.000000, 0.000000, 0.000000, 0.000000, 0.000000, 0.000000, 
10.000000, 0.000000, 0.000000, 0.000000, 0.000000, 0.000000, 0.000000, 0.000000, 0.000000, 0.000000, 0.000000, 0.000000, 0.000000, 
15.000000, 0.000000, 0.000000, 0.000000, 0.000000, 0.000000, 0.000000, 0.000000, 0.000000, 0.000000, 0.000000, 0.000000, 0.000000, 
20.000000, 0.000000, 0.000000, 0.000000, 0.000000, 0.000000, 0.000000, 0.000000, 0.000000, 0.000000, 0.000000, 0.000000, 0.000000, 
25.000000, 0.000000, 0.000000, 0.000000, 0.000000, 0.000000, 0.000000, 0.000000, 0.000000, 0.000000, 0.000000, 0.000000, 0.000000, 
30.000000, 0.000000, 0.000000, 0.000000, 0.000000, 0.000000, 0.000000, 0.000000, 0.000000, 0.000000, 0.000000, 0.000000, 0.000000, 
35.000000, 0.000000, 0.000000, 0.000000, 0.000000, 0.000000, 0.000000, 0.000000, 0.000000, 0.000000, 0.000000, 0.000000, 0.000000, 
40.000000, 0.000000, 0.000000, 0.000000, 0.000000, 0.000000, 0.000000, 0.000000, 0.000000, 0.000000, 0.000000, 0.000000, 0.000000, 
45.000000, 0.000000, 0.000000, 0.000000, 0.000000, 0.000000, 0.000000, 0.000000, 0.000000, 0.000000, 0.000000, 0.000000, 0.000000, 
50.000000, 0.000000, -0.711905, -0.195816, -0.053861, -0.014815, -0.004075, 0.000000, 0.000000, 0.000000, 0.000000, 0.000000, 0.000000, 
55.000000, 25.881905, 3.489387, 0.307068, -0.095074, -0.075534, -0.034359, 25.881905, 0.000000, 0.000000, 0.000000, 0.000000, 0.000000, 
60.000000, 50.000000, 27.801487, 9.812861, 2.696387, 0.576305, 0.067757, 50.000000, 0.000000, 0.000000, 0.000000, 0.000000, 0.000000, 
65.000000, 70.710678, 84.598018, 52.791642, 23.679356, 8.769223, 2.809285, 70.710678, 0.000000, 0.000000, 0.000000, 0.000000, 0.000000, 
70.000000, 86.602540, 171.072952, 169.312775, 109.463389, 55.540523, 24.028817, 86.602540, 0.000000, 0.000000, 0.000000, 0.000000, 0.000000, 
75.000000, 96.592583, 271.439009, 397.880020, 355.768223, 236.382410, 129.423190, 96.592583, -0.000000, 0.000000, 0.000000, 0.000000, 0.000000, 
80.000000, 100.000000, 367.087096, 751.339030, 904.106618, 770.864485, 522.669453, 100.000000, 25.881905, 0.000000, 0.000000, 0.000000, 0.000000, 
85.000000, 96.592583, 443.504891, 1203.933652, 1903.142297, 2053.596032, 1704.735706, 96.592583, 50.000000, 0.000000, 0.000000, 0.000000, 0.000000, 
90.000000, 86.602540, 491.637933, 1697.721475, 3444.451087, 4647.459654, 4685.456012, 86.602540, 70.710678, 0.000000, 0.000000, 0.000000, 0.000000, 
95.000000, 70.710678, 506.794061, 2161.352963, 5504.349715, 9178.866968, 11161.651685, 70.710678, 86.602540, 0.000000, 0.000000, 0.000000, 0.000000, 
100.000000, 50.000000, 487.530572, 2528.763792, 7923.264280, 16140.856296, 23519.039074, 50.000000, 96.592583, 0.000000, 0.000000, 0.000000, 0.000000, 
105.000000, 25.881905, 435.064286, 2750.389826, 10432.250980, 25667.934628, 44523.678370, 25.881905, 100.000000, 25.881905, 0.000000, 0.000000, 0.000000, 
110.000000, 0.000000, 352.240461, 2796.511408, 12711.315482, 37375.824283, 76671.635161, 0.000000, 96.592583, 50.000000, 0.000000, 0.000000, 0.000000, 
115.000000, 0.000000, 250.277123, 2657.644670, 14453.690609, 50337.496784, 121328.440036, 0.000000, 86.602540, 70.710678, 0.000000, 0.000000, 0.000000, 
120.000000, 0.000000, 151.606460, 2348.454093, 15417.832052, 63208.861485, 177926.035410, 0.000000, 70.710678, 86.602540, 0.000000, 0.000000, 0.000000, 
125.000000, 0.000000, 76.983126, 1913.931391, 15464.299672, 74461.532811, 243512.006534, 0.000000, 50.000000, 96.592583, 0.000000, 0.000000, 0.000000, 
130.000000, 0.000000, 32.557138, 1426.282350, 14582.156043, 82656.566142, 312844.870969, 0.000000, 25.881905, 100.000000, 25.881905, 0.000000, 0.000000, 
135.000000, 0.000000, 11.461897, 965.062057, 12901.923414, 86702.289275, 379055.226439, 0.000000, 0.000000, 96.592583, 50.000000, 0.000000, 0.000000, 
140.000000, 0.000000, 3.365696, 590.091155, 10680.702633, 86057.265274, 434731.054568, 0.000000, 0.000000, 86.602540, 70.710678, 0.000000, 0.000000, 
145.000000, 0.000000, 0.826215, 325.246806, 8248.702525, 80845.038349, 473192.010973, 0.000000, 0.000000, 70.710678, 86.602540, 0.000000, 0.000000, 
150.000000, 0.000000, 0.169803, 161.477132, 5928.302301, 71845.500788, 489692.703222, 0.000000, 0.000000, 50.000000, 96.592583, 0.000000, 0.000000, 
155.000000, 0.000000, 0.029216, 72.243709, 3957.826340, 60342.292876, 482310.583692, 0.000000, 0.000000, 25.881905, 100.000000, 25.881905, 0.000000, 
160.000000, 0.000000, 0.004200, 29.158984, 2451.951698, 47848.968894, 452317.460547, 0.000000, 0.000000, 0.000000, 96.592583, 50.000000, 0.000000, 
165.000000, 0.000000, 0.000502, 10.633400, 1409.067040, 35789.455601, 403920.875777, 0.000000, 0.000000, 0.000000, 86.602540, 70.710678, 0.000000, 
170.000000, 0.000000, 0.000050, 3.509054, 751.244820, 25233.463168, 343406.180802, 0.000000, 0.000000, 0.000000, 70.710678, 86.602540, 0.000000, 
175.000000, 0.000000, 0.000004, 1.049528, 371.787341, 16763.724639, 277882.838365, 0.000000, 0.000000, 0.000000, 50.000000, 96.592583, 0.000000, 
180.000000, 0.000000, 0.000000, 0.284896, 170.929390, 10492.816652, 213966.473323, 0.000000, 0.000000, 0.000000, 25.881905, 100.000000, 25.881905, 
185.000000, 0.000000, 0.000000, 0.070271, 73.073792, 6188.799194, 156741.289908, 0.000000, 0.000000, 0.000000, 0.000000, 96.592583, 50.000000, 
190.000000, 0.000000, 0.000000, 0.015764, 29.078826, 3440.859709, 109231.561254, 0.000000, 0.000000, 0.000000, 0.000000, 86.602540, 70.710678, 
195.000000, 0.000000, 0.000000, 0.003218, 10.782480, 1804.242803, 72421.618095, 0.000000, 0.000000, 0.000000, 0.000000, 70.710678, 86.602540, 
200.000000, 0.000000, 0.000000, 0.000598, 3.729358, 892.811680, 45690.396259, 0.000000, 0.000000, 0.000000, 0.000000, 50.000000, 96.592583, 
205.000000, 0.000000, 0.000000, 0.000101, 1.204338, 417.217639, 27437.615086, 0.000000, 0.000000, 0.000000, 0.000000, 25.881905, 100.000000, 
210.000000, 0.000000, 0.000000, 0.000016, 0.363460, 184.256352, 15689.153982, 0.000000, 0.000000, 0.000000, 0.000000, 0.000000, 96.592583, 
215.000000, 0.000000, 0.000000, 0.000002, 0.102593, 76.960114, 8546.373600, 0.000000, 0.000000, 0.000000, 0.000000, 0.000000, 86.602540, 
220.000000, 0.000000, 0.000000, 0.000000, 0.027105, 30.424107, 4437.243783, 0.000000, 0.000000, 0.000000, 0.000000, 0.000000, 70.710678, 
225.000000, 0.000000, 0.000000, 0.000000, 0.006707, 11.391928, 2196.994310, 0.000000, 0.000000, 0.000000, 0.000000, 0.000000, 50.000000, 
230.000000, 0.000000, 0.000000, 0.000000, 0.001555, 4.043063, 1037.942060, 0.000000, 0.000000, 0.000000, 0.000000, 0.000000, 25.881905, 
235.000000, 0.000000, 0.000000, 0.000000, 0.000338, 1.360973, 468.159896, 0.000000, 0.000000, 0.000000, 0.000000, 0.000000, 0.000000, 
240.000000, 0.000000, 0.000000, 0.000000, 0.000069, 0.434799, 201.716104, 0.000000, 0.000000, 0.000000, 0.000000, 0.000000, 0.000000, 
245.000000, 0.000000, 0.000000, 0.000000, 0.000013, 0.131911, 83.072497, 0.000000, 0.000000, 0.000000, 0.000000, 0.000000, 0.000000, 
250.000000, 0.000000, 0.000000, 0.000000, 0.000002, 0.038025, 32.717758, 0.000000, 0.000000, 0.000000, 0.000000, 0.000000, 0.000000, 
255.000000, 0.000000, 0.000000, 0.000000, 0.000000, 0.010420, 12.329654, 0.000000, 0.000000, 0.000000, 0.000000, 0.000000, 0.000000, 
260.000000, 0.000000, 0.000000, 0.000000, 0.000000, 0.002715, 4.448173, 0.000000, 0.000000, 0.000000, 0.000000, 0.000000, 0.000000, 
265.000000, 0.000000, 0.000000, 0.000000, 0.000000, 0.000673, 1.537049, 0.000000, 0.000000, 0.000000, 0.000000, 0.000000, 0.000000, 
270.000000, 0.000000, 0.000000, 0.000000, 0.000000, 0.000159, 0.508945, 0.000000, 0.000000, 0.000000, 0.000000, 0.000000, 0.000000, 
275.000000, 0.000000, 0.000000, 0.000000, 0.000000, 0.000036, 0.161555, 0.000000, 0.000000, 0.000000, 0.000000, 0.000000, 0.000000, 
280.000000, 0.000000, 0.000000, 0.000000, 0.000000, 0.000008, 0.049183, 0.000000, 0.000000, 0.000000, 0.000000, 0.000000, 0.000000, 
285.000000, 0.000000, 0.000000, 0.000000, 0.000000, 0.000002, 0.014365, 0.000000, 0.000000, 0.000000, 0.000000, 0.000000, 0.000000, 
290.000000, 0.000000, 0.000000, 0.000000, 0.000000, 0.000000, 0.004027, 0.000000, 0.000000, 0.000000, 0.000000, 0.000000, 0.000000, 
295.000000, 0.000000, 0.000000, 0.000000, 0.000000, 0.000000, 0.001084, 0.000000, 0.000000, 0.000000, 0.000000, 0.000000, 0.000000, 
300.000000, 0.000000, 0.000000, 0.000000, 0.000000, 0.000000, 0.000280, 0.000000, 0.000000, 0.000000, 0.000000, 0.000000, 0.000000, 
305.000000, 0.000000, 0.000000, 0.000000, 0.000000, 0.000000, 0.000070, 0.000000, 0.000000, 0.000000, 0.000000, 0.000000, 0.000000, 
310.000000, 0.000000, 0.000000, 0.000000, 0.000000, 0.000000, 0.000017, 0.000000, 0.000000, 0.000000, 0.000000, 0.000000, 0.000000, 
315.000000, 0.000000, 0.000000, 0.000000, 0.000000, 0.000000, 0.000004, 0.000000, 0.000000, 0.000000, 0.000000, 0.000000, 0.000000, 
320.000000, 0.000000, 0.000000, 0.000000, 0.000000, 0.000000, 0.000001, 0.000000, 0.000000, 0.000000, 0.000000, 0.000000, 0.000000, 
325.000000, 0.000000, 0.000000, 0.000000, 0.000000, 0.000000, 0.000000, 0.000000, 0.000000, 0.000000, 0.000000, 0.000000, 0.000000, 
330.000000, 0.000000, 0.000000, 0.000000, 0.000000, 0.000000, 0.000000, 0.000000, 0.000000, 0.000000, 0.000000, 0.000000, 0.000000, 
335.000000, 0.000000, 0.000000, 0.000000, 0.000000, 0.000000, 0.000000, 0.000000, 0.000000, 0.000000, 0.000000, 0.000000, 0.000000, 
340.000000, 0.000000, 0.000000, 0.000000, 0.000000, 0.000000, 0.000000, 0.000000, 0.000000, 0.000000, 0.000000, 0.000000, 0.000000, 
345.000000, 0.000000, 0.000000, 0.000000, 0.000000, 0.000000, 0.000000, 0.000000, 0.000000, 0.000000, 0.000000, 0.000000, 0.000000, 
350.000000, 0.000000, 0.000000, 0.000000, 0.000000, 0.000000, 0.000000, 0.000000, 0.000000, 0.000000, 0.000000, 0.000000, 0.000000, 
355.000000, 0.000000, 0.000000, 0.000000, 0.000000, 0.000000, 0.000000, 0.000000, 0.000000, 0.000000, 0.000000, 0.000000, 0.000000, 
360.000000, 0.000000, 0.000000, 0.000000, 0.000000, 0.000000, 0.000000, 0.000000, 0.000000, 0.000000, 0.000000, 0.000000, 0.000000, 
365.000000, 0.000000, 0.000000, 0.000000, 0.000000, 0.000000, 0.000000, 0.000000, 0.000000, 0.000000, 0.000000, 0.000000, 0.000000, 
370.000000, 0.000000, 0.000000, 0.000000, 0.000000, 0.000000, 0.000000, 0.000000, 0.000000, 0.000000, 0.000000, 0.000000, 0.000000, 
375.000000, 0.000000, 0.000000, 0.000000, 0.000000, 0.000000, 0.000000, 0.000000, 0.000000, 0.000000, 0.000000, 0.000000, 0.000000, 
380.000000, 0.000000, 0.000000, 0.000000, 0.000000, 0.000000, 0.000000, 0.000000, 0.000000, 0.000000, 0.000000, 0.000000, 0.000000, 
385.000000, 0.000000, 0.000000, 0.000000, 0.000000, 0.000000, 0.000000, 0.000000, 0.000000, 0.000000, 0.000000, 0.000000, 0.000000, 
390.000000, 0.000000, 0.000000, 0.000000, 0.000000, 0.000000, 0.000000, 0.000000, 0.000000, 0.000000, 0.000000, 0.000000, 0.000000, 
395.000000, 0.000000, 0.000000, 0.000000, 0.000000, 0.000000, 0.000000, 0.000000, 0.000000, 0.000000, 0.000000, 0.000000, 0.000000, 
400.000000, 0.000000, 0.000000, 0.000000, 0.000000, 0.000000, 0.000000, 0.000000, 0.000000, 0.000000, 0.000000, 0.000000, 0.000000, 
