Norms are:
	-One norm: 0.240635
	-Two norm: 0.211491
	-Uniform norm: 0.181645
Numerical 					 Analytical
x t=0s t=0.1s t=0.2s t=0.3s t=0.4s t=0.5s
0.000000, 0.000000-0.163123-1.339035-1.252033-0.868147-1.0497700.000000, 0.000000, 0.000000, 0.000000, 0.000000, 0.000000, 
5.000000, 0.0000000.1876000.495022-0.3361240.060076-0.0391630.000000, 0.000000, 0.000000, 0.000000, 0.000000, 0.000000, 
10.000000, 0.000000-0.353507-1.204228-1.065560-1.073252-0.8898550.000000, 0.000000, 0.000000, 0.000000, 0.000000, 0.000000, 
15.000000, 0.0000000.5280210.624029-0.3704040.039875-0.1441910.000000, 0.000000, 0.000000, 0.000000, 0.000000, 0.000000, 
20.000000, 0.000000-0.791583-0.773219-0.958084-1.236333-0.6975030.000000, 0.000000, 0.000000, 0.000000, 0.000000, 0.000000, 
25.000000, 0.0000001.0769650.290515-0.032036-0.083105-0.3198410.000000, 0.000000, 0.000000, 0.000000, 0.000000, 0.000000, 
30.000000, 0.000000-1.326577-0.214970-1.000076-1.173891-0.5879820.000000, 0.000000, 0.000000, 0.000000, 0.000000, 0.000000, 
35.000000, 0.0000001.3780680.0376580.361400-0.236947-0.5029910.000000, 0.000000, 0.000000, 0.000000, 0.000000, 0.000000, 
40.000000, 0.000000-1.042391-0.218446-0.952381-0.910340-0.5807110.000000, 0.000000, 0.000000, 0.000000, 0.000000, 0.000000, 
45.000000, 0.0000000.2327930.4354860.514589-0.352303-0.6100920.000000, 0.000000, 0.000000, 0.000000, 0.000000, 0.000000, 
50.000000, 0.0000000.684145-0.648590-0.779520-0.567962-0.6128940.000000, 0.000000, 0.000000, 0.000000, 0.000000, 0.000000, 
55.000000, 25.881905-0.6010180.6346650.477382-0.376922-0.61832825.881905, 0.000000, 0.000000, 0.000000, 0.000000, 0.000000, 
60.000000, 50.000000-1.430142-0.638572-0.476133-0.320468-0.59620250.000000, 0.000000, 0.000000, 0.000000, 0.000000, 0.000000, 
65.000000, 70.7106781.9311600.9631180.169450-0.274412-0.55733570.710678, 0.000000, 0.000000, 0.000000, 0.000000, 0.000000, 
70.000000, 86.6025409.295901-1.218325-0.108098-0.194672-0.51073986.602540, 0.000000, 0.000000, 0.000000, 0.000000, 0.000000, 
75.000000, 96.59258322.4343350.2769130.030080-0.158534-0.45276196.592583, 0.000000, 0.000000, 0.000000, 0.000000, 0.000000, 
80.000000, 100.00000036.074195-0.0838680.046539-0.128524-0.389419100.000000, 25.881905, 0.000000, 0.000000, 0.000000, 0.000000, 
85.000000, 96.59258353.5199103.953630-0.166953-0.077593-0.32987496.592583, 50.000000, 0.000000, 0.000000, 0.000000, 0.000000, 
90.000000, 86.60254065.2880409.558569-0.255888-0.037189-0.27521886.602540, 70.710678, 0.000000, 0.000000, 0.000000, 0.000000, 
95.000000, 70.71067879.01409518.1060840.086018-0.038129-0.22253570.710678, 86.602540, 0.000000, 0.000000, 0.000000, 0.000000, 
100.000000, 50.00000083.22042229.1365661.323838-0.085352-0.17155850.000000, 96.592583, 0.000000, 0.000000, 0.000000, 0.000000, 
105.000000, 25.88190585.84838741.0138604.049725-0.136343-0.12712325.881905, 100.000000, 25.881905, 0.000000, 0.000000, 0.000000, 
110.000000, 0.00000082.21083152.6076758.661030-0.051374-0.0994790.000000, 96.592583, 50.000000, 0.000000, 0.000000, 0.000000, 
115.000000, 0.00000071.28088262.94221815.2004310.431008-0.0980880.000000, 86.602540, 70.710678, 0.000000, 0.000000, 0.000000, 
120.000000, 0.00000056.30116370.69136523.4043821.652723-0.1129490.000000, 70.710678, 86.602540, 0.000000, 0.000000, 0.000000, 
125.000000, 0.00000041.10933874.52483732.7590773.953455-0.0885430.000000, 50.000000, 96.592583, 0.000000, 0.000000, 0.000000, 
130.000000, 0.00000028.14693573.77566942.4984997.5899820.0952060.000000, 25.881905, 100.000000, 25.881905, 0.000000, 0.000000, 
135.000000, 0.00000018.28460068.75697251.63784112.6742360.6232930.000000, 0.000000, 96.592583, 50.000000, 0.000000, 0.000000, 
140.000000, 0.00000011.37403960.58129259.12113719.1258341.7253100.000000, 0.000000, 86.602540, 70.710678, 0.000000, 0.000000, 
145.000000, 0.0000006.82417150.71340864.05215626.6412353.6392490.000000, 0.000000, 70.710678, 86.602540, 0.000000, 0.000000, 
150.000000, 0.0000003.97143840.53648865.90593334.6968196.5656540.000000, 0.000000, 50.000000, 96.592583, -0.000000, 0.000000, 
155.000000, 0.0000002.25193331.08578564.63117442.60323210.6184170.000000, 0.000000, 25.881905, 100.000000, 25.881905, 0.000000, 
160.000000, 0.0000001.24863222.96852760.61679349.60980515.7804500.000000, 0.000000, 0.000000, 96.592583, 50.000000, 0.000000, 
165.000000, 0.0000000.67897416.41405554.55615555.03453521.8753380.000000, 0.000000, 0.000000, 86.602540, 70.710678, 0.000000, 
170.000000, 0.0000000.36295311.38324547.27074058.38282728.5659440.000000, 0.000000, 0.000000, 70.710678, 86.602540, 0.000000, 
175.000000, 0.0000000.1911137.68348439.55006259.42275935.3857060.000000, 0.000000, 0.000000, 50.000000, 96.592583, 0.000000, 
180.000000, 0.0000000.0992885.06065132.04170058.20138941.7992410.000000, 0.000000, 0.000000, 25.881905, 100.000000, 25.881905, 
185.000000, 0.0000000.0509663.25975925.20004855.00608847.2798660.000000, 0.000000, 0.000000, 0.000000, 96.592583, 50.000000, 
190.000000, 0.0000000.0258802.05755219.28445850.28899551.3866050.000000, 0.000000, 0.000000, 0.000000, 86.602540, 70.710678, 
195.000000, 0.0000000.0130131.27483614.38936144.57796853.8239710.000000, 0.000000, 0.000000, 0.000000, 70.710678, 86.602540, 
200.000000, 0.0000000.0064860.77653310.48874938.39472854.4734100.000000, 0.000000, 0.000000, 0.000000, 50.000000, 96.592583, 
205.000000, 0.0000000.0032060.4656467.48160232.19363453.3933270.000000, 0.000000, 0.000000, 0.000000, 25.881905, 100.000000, 
210.000000, 0.0000000.0015730.2752105.23026026.32619350.7920360.000000, 0.000000, 0.000000, 0.000000, 0.000000, 96.592583, 
215.000000, 0.0000000.0007670.1604913.58851321.02971646.9829490.000000, 0.000000, 0.000000, 0.000000, 0.000000, 86.602540, 
220.000000, 0.0000000.0003710.0924352.41944916.43440342.3329660.000000, 0.000000, 0.000000, 0.000000, 0.000000, 70.710678, 
225.000000, 0.0000000.0001790.0526251.60481812.58181137.2138830.000000, 0.000000, 0.000000, 0.000000, 0.000000, 50.000000, 
230.000000, 0.0000000.0000860.0296381.0483219.44811031.9636410.000000, 0.000000, 0.000000, 0.000000, 0.000000, 25.881905, 
235.000000, 0.0000000.0000410.0165250.6750466.96719926.8607570.000000, 0.000000, 0.000000, 0.000000, 0.000000, 0.000000, 
240.000000, 0.0000000.0000190.0091260.4288635.05057922.1121200.000000, 0.000000, 0.000000, 0.000000, 0.000000, 0.000000, 
245.000000, 0.0000000.0000090.0049960.2690253.60259317.8521260.000000, 0.000000, 0.000000, 0.000000, 0.000000, 0.000000, 
250.000000, 0.0000000.0000040.0027120.1667522.53086014.1499870.000000, 0.000000, 0.000000, 0.000000, 0.000000, 0.000000, 
255.000000, 0.0000000.0000020.0014610.1021981.75249811.0218160.000000, 0.000000, 0.000000, 0.000000, 0.000000, 0.000000, 
260.000000, 0.0000000.0000010.0007810.0619691.1970558.4445040.000000, 0.000000, 0.000000, 0.000000, 0.000000, 0.000000, 
265.000000, 0.0000000.0000000.0004150.0371970.8071296.3691740.000000, 0.000000, 0.000000, 0.000000, 0.000000, 0.000000, 
270.000000, 0.0000000.0000000.0002190.0221140.5375614.7327990.000000, 0.000000, 0.000000, 0.000000, 0.000000, 0.000000, 
275.000000, 0.0000000.0000000.0001150.0130280.3538603.4673130.000000, 0.000000, 0.000000, 0.000000, 0.000000, 0.000000, 
280.000000, 0.0000000.0000000.0000600.0076090.2303542.5061120.000000, 0.000000, 0.000000, 0.000000, 0.000000, 0.000000, 
285.000000, 0.0000000.0000000.0000310.0044070.1483721.7881850.000000, 0.000000, 0.000000, 0.000000, 0.000000, 0.000000, 
290.000000, 0.0000000.0000000.0000160.0025330.0946041.2603270.000000, 0.000000, 0.000000, 0.000000, 0.000000, 0.000000, 
295.000000, 0.0000000.0000000.0000080.0014450.0597400.8779110.000000, 0.000000, 0.000000, 0.000000, 0.000000, 0.000000, 
300.000000, 0.0000000.0000000.0000040.0008180.0373770.6046950.000000, 0.000000, 0.000000, 0.000000, 0.000000, 0.000000, 
305.000000, 0.0000000.0000000.0000020.0004600.0231790.4120490.000000, 0.000000, 0.000000, 0.000000, 0.000000, 0.000000, 
310.000000, 0.0000000.0000000.0000010.0002570.0142530.2778960.000000, 0.000000, 0.000000, 0.000000, 0.000000, 0.000000, 
315.000000, 0.0000000.0000000.0000010.0001430.0086930.1855760.000000, 0.000000, 0.000000, 0.000000, 0.000000, 0.000000, 
320.000000, 0.0000000.0000000.0000000.0000790.0052610.1227550.000000, 0.000000, 0.000000, 0.000000, 0.000000, 0.000000, 
325.000000, 0.0000000.0000000.0000000.0000430.0031600.0804630.000000, 0.000000, 0.000000, 0.000000, 0.000000, 0.000000, 
330.000000, 0.0000000.0000000.0000000.0000240.0018850.0522810.000000, 0.000000, 0.000000, 0.000000, 0.000000, 0.000000, 
335.000000, 0.0000000.0000000.0000000.0000130.0011160.0336840.000000, 0.000000, 0.000000, 0.000000, 0.000000, 0.000000, 
340.000000, 0.0000000.0000000.0000000.0000070.0006570.0215270.000000, 0.000000, 0.000000, 0.000000, 0.000000, 0.000000, 
345.000000, 0.0000000.0000000.0000000.0000040.0003840.0136500.000000, 0.000000, 0.000000, 0.000000, 0.000000, 0.000000, 
350.000000, 0.0000000.0000000.0000000.0000020.0002230.0085910.000000, 0.000000, 0.000000, 0.000000, 0.000000, 0.000000, 
355.000000, 0.0000000.0000000.0000000.0000010.0001290.0053670.000000, 0.000000, 0.000000, 0.000000, 0.000000, 0.000000, 
360.000000, 0.0000000.0000000.0000000.0000010.0000740.0033300.000000, 0.000000, 0.000000, 0.000000, 0.000000, 0.000000, 
365.000000, 0.0000000.0000000.0000000.0000000.0000420.0020510.000000, 0.000000, 0.000000, 0.000000, 0.000000, 0.000000, 
370.000000, 0.0000000.0000000.0000000.0000000.0000240.0012570.000000, 0.000000, 0.000000, 0.000000, 0.000000, 0.000000, 
375.000000, 0.0000000.0000000.0000000.0000000.0000140.0007630.000000, 0.000000, 0.000000, 0.000000, 0.000000, 0.000000, 
380.000000, 0.0000000.0000000.0000000.0000000.0000080.0004640.000000, 0.000000, 0.000000, 0.000000, 0.000000, 0.000000, 
385.000000, 0.0000000.0000000.0000000.0000000.0000040.0002740.000000, 0.000000, 0.000000, 0.000000, 0.000000, 0.000000, 
390.000000, 0.0000000.0000000.0000000.0000000.0000020.0001730.000000, 0.000000, 0.000000, 0.000000, 0.000000, 0.000000, 
395.000000, 0.0000000.0000000.0000000.0000000.0000010.0000870.000000, 0.000000, 0.000000, 0.000000, 0.000000, 0.000000, 
400.000000, 0.0000000.0000000.0000000.0000000.0000010.0000780.000000, 0.000000, 0.000000, 0.000000, 0.000000, 0.000000, 
