Norms are:
	-One norm: 0.31025
	-Two norm: 0.276349
	-Uniform norm: 0.235299
Numerical 					 Analytical
x t=0s t=0.1s t=0.2s t=0.3s t=0.4s t=0.5s
0.000000, 0.0000000.0000000.0000000.0000000.0000000.0000000.000000, 0.000000, 0.000000, 0.000000, 0.000000, 0.000000, 
5.000000, 0.0000000.0000000.0000000.0000000.0000000.0000000.000000, 0.000000, 0.000000, 0.000000, 0.000000, 0.000000, 
10.000000, 0.0000000.0000000.0000000.0000000.0000000.0000000.000000, 0.000000, 0.000000, 0.000000, 0.000000, 0.000000, 
15.000000, 0.0000000.0000000.0000000.0000000.0000000.0000000.000000, 0.000000, 0.000000, 0.000000, 0.000000, 0.000000, 
20.000000, 0.0000000.0000000.0000000.0000000.0000000.0000000.000000, 0.000000, 0.000000, 0.000000, 0.000000, 0.000000, 
25.000000, 0.0000000.0000000.0000000.0000000.0000000.0000000.000000, 0.000000, 0.000000, 0.000000, 0.000000, 0.000000, 
30.000000, 0.0000000.0000000.0000000.0000000.0000000.0000000.000000, 0.000000, 0.000000, 0.000000, 0.000000, 0.000000, 
35.000000, 0.0000000.0000000.0000000.0000000.0000000.0000000.000000, 0.000000, 0.000000, 0.000000, 0.000000, 0.000000, 
40.000000, 0.0000000.0000000.0000000.0000000.0000000.0000000.000000, 0.000000, 0.000000, 0.000000, 0.000000, 0.000000, 
45.000000, 0.0000000.0000000.0000000.0000000.0000000.0000000.000000, 0.000000, 0.000000, 0.000000, 0.000000, 0.000000, 
50.000000, 0.0000000.0000000.0000000.0000000.0000000.0000000.000000, 0.000000, 0.000000, 0.000000, 0.000000, 0.000000, 
55.000000, 25.8819050.8088100.0252750.0007900.0000250.00000125.881905, 0.000000, 0.000000, 0.000000, 0.000000, 0.000000, 
60.000000, 50.0000003.5845240.1752050.0074500.0002950.00001150.000000, 0.000000, 0.000000, 0.000000, 0.000000, 0.000000, 
65.000000, 70.7106789.1489940.6607290.0372980.0018400.00008370.710678, 0.000000, 0.000000, 0.000000, 0.000000, 0.000000, 
70.000000, 86.60254017.6285181.7962970.1317410.0080120.00043286.602540, 0.000000, 0.000000, 0.000000, 0.000000, 0.000000, 
75.000000, 96.59258328.4452283.9389400.3682660.0272980.00173896.592583, 0.000000, 0.000000, 0.000000, 0.000000, 0.000000, 
80.000000, 100.00000040.5081317.3944370.8667070.0775090.005789100.000000, 25.881905, 0.000000, 0.000000, 0.000000, 0.000000, 
85.000000, 96.59258352.46437812.3226221.7844390.1907400.01660196.592583, 50.000000, 0.000000, 0.000000, 0.000000, 0.000000, 
90.000000, 86.60254062.93047618.6700203.2980950.4178190.04212886.602540, 70.710678, 0.000000, 0.000000, 0.000000, 0.000000, 
95.000000, 70.71067870.67187626.1452545.5735990.8304790.09647670.710678, 86.602540, 0.000000, 0.000000, 0.000000, 0.000000, 
100.000000, 50.00000074.72659334.2388978.7299351.5195170.20235150.000000, 96.592583, 0.000000, 0.000000, 0.000000, 0.000000, 
105.000000, 25.88190574.47946042.27937412.8041382.5878130.39321125.881905, 100.000000, 25.881905, 0.000000, 0.000000, 0.000000, 
110.000000, 0.00000069.69574949.51145217.7248474.1381340.7144150.000000, 96.592583, 50.000000, 0.000000, 0.000000, 0.000000, 
115.000000, 0.00000061.33058155.20844323.3007716.2568791.2226430.000000, 86.602540, 70.710678, 0.000000, 0.000000, 0.000000, 
120.000000, 0.00000051.04284058.80416929.2286848.9961281.9829940.000000, 70.710678, 86.602540, 0.000000, 0.000000, 0.000000, 
125.000000, 0.00000040.46070960.00068635.12237912.3571593.0635020.000000, 50.000000, 96.592583, 0.000000, 0.000000, 0.000000, 
130.000000, 0.00000030.75546058.81185840.55918716.2788524.5273220.000000, 25.881905, 100.000000, 25.881905, 0.000000, 0.000000, 
135.000000, 0.00000022.55261355.53250445.13567620.6339256.4233510.000000, 0.000000, 96.592583, 50.000000, 0.000000, 0.000000, 
140.000000, 0.00000016.03446350.65251148.52127325.2346588.7765550.000000, 0.000000, 86.602540, 70.710678, 0.000000, 0.000000, 
145.000000, 0.00000011.10006644.74913250.49903929.84801011.5795380.000000, 0.000000, 70.710678, 86.602540, 0.000000, 0.000000, 
150.000000, 0.0000007.50809038.38812750.98646834.21813314.7869090.000000, 0.000000, 50.000000, 96.592583, -0.000000, 0.000000, 
155.000000, 0.0000004.97655532.05260750.03438338.09281718.3137020.000000, 0.000000, 25.881905, 100.000000, 25.881905, 0.000000, 
160.000000, 0.0000003.24024526.10535247.80697141.24967022.0385160.000000, 0.000000, 0.000000, 96.592583, 50.000000, 0.000000, 
165.000000, 0.0000002.07664420.78070644.54929243.51804325.8112690.000000, 0.000000, 0.000000, 86.602540, 70.710678, 0.000000, 
170.000000, 0.0000001.31228916.19727140.54976944.79372029.4647680.000000, 0.000000, 0.000000, 70.710678, 86.602540, 0.000000, 
175.000000, 0.0000000.81887512.38188436.10442445.04485232.8286010.000000, 0.000000, 0.000000, 50.000000, 96.592583, 0.000000, 
180.000000, 0.0000000.5052099.29692231.48767644.30925535.7436010.000000, 0.000000, 0.000000, 25.881905, 100.000000, 25.881905, 
185.000000, 0.0000000.3085046.86564826.93220842.68445038.0750310.000000, 0.000000, 0.000000, 0.000000, 96.592583, 50.000000, 
190.000000, 0.0000000.1866354.99275122.61824540.31277639.7229620.000000, 0.000000, 0.000000, 0.000000, 86.602540, 70.710678, 
195.000000, 0.0000000.1119503.57923518.67108737.36414240.6287950.000000, 0.000000, 0.000000, 0.000000, 70.710678, 86.602540, 
200.000000, 0.0000000.0666292.53199815.16485434.01888940.7774800.000000, 0.000000, 0.000000, 0.000000, 50.000000, 96.592583, 
205.000000, 0.0000000.0393721.76909012.13018330.45267840.1956010.000000, 0.000000, 0.000000, 0.000000, 25.881905, 100.000000, 
210.000000, 0.0000000.0231121.2218139.56379326.82466738.9459870.000000, 0.000000, 0.000000, 0.000000, 0.000000, 96.592583, 
215.000000, 0.0000000.0134850.8347397.43828323.26950937.1198310.000000, 0.000000, 0.000000, 0.000000, 0.000000, 86.602540, 
220.000000, 0.0000000.0078230.5645245.71105019.89314934.8274590.000000, 0.000000, 0.000000, 0.000000, 0.000000, 70.710678, 
225.000000, 0.0000000.0045150.3781534.33169616.77192932.1888480.000000, 0.000000, 0.000000, 0.000000, 0.000000, 50.000000, 
230.000000, 0.0000000.0025930.2510463.24769613.95426329.3248230.000000, 0.000000, 0.000000, 0.000000, 0.000000, 25.881905, 
235.000000, 0.0000000.0014820.1652592.40838211.46408326.3496300.000000, 0.000000, 0.000000, 0.000000, 0.000000, 0.000000, 
240.000000, 0.0000000.0008430.1079221.7674529.30525823.3652790.000000, 0.000000, 0.000000, 0.000000, 0.000000, 0.000000, 
245.000000, 0.0000000.0004780.0699491.2842957.46633220.4578180.000000, 0.000000, 0.000000, 0.000000, 0.000000, 0.000000, 
250.000000, 0.0000000.0002700.0450140.9244525.92509517.6954390.000000, 0.000000, 0.000000, 0.000000, 0.000000, 0.000000, 
255.000000, 0.0000000.0001520.0287720.6594794.65263315.1281860.000000, 0.000000, 0.000000, 0.000000, 0.000000, 0.000000, 
260.000000, 0.0000000.0000850.0182730.4664393.61669512.7889400.000000, 0.000000, 0.000000, 0.000000, 0.000000, 0.000000, 
265.000000, 0.0000000.0000480.0115350.3272182.78431110.6952880.000000, 0.000000, 0.000000, 0.000000, 0.000000, 0.000000, 
270.000000, 0.0000000.0000270.0072390.2277632.1236798.8519510.000000, 0.000000, 0.000000, 0.000000, 0.000000, 0.000000, 
275.000000, 0.0000000.0000150.0045180.1573571.6054177.2534260.000000, 0.000000, 0.000000, 0.000000, 0.000000, 0.000000, 
280.000000, 0.0000000.0000080.0028050.1079401.2032865.8866120.000000, 0.000000, 0.000000, 0.000000, 0.000000, 0.000000, 
285.000000, 0.0000000.0000050.0017330.0735360.8944924.7332340.000000, 0.000000, 0.000000, 0.000000, 0.000000, 0.000000, 
290.000000, 0.0000000.0000020.0010650.0497700.6597033.7719450.000000, 0.000000, 0.000000, 0.000000, 0.000000, 0.000000, 
295.000000, 0.0000000.0000010.0006520.0334740.4828522.9800610.000000, 0.000000, 0.000000, 0.000000, 0.000000, 0.000000, 
300.000000, 0.0000000.0000010.0003970.0223770.3508302.3348980.000000, 0.000000, 0.000000, 0.000000, 0.000000, 0.000000, 
305.000000, 0.0000000.0000000.0002410.0148730.2531131.8147560.000000, 0.000000, 0.000000, 0.000000, 0.000000, 0.000000, 
310.000000, 0.0000000.0000000.0001460.0098300.1813741.3995680.000000, 0.000000, 0.000000, 0.000000, 0.000000, 0.000000, 
315.000000, 0.0000000.0000000.0000880.0064620.1291171.0712930.000000, 0.000000, 0.000000, 0.000000, 0.000000, 0.000000, 
320.000000, 0.0000000.0000000.0000530.0042260.0913360.8140830.000000, 0.000000, 0.000000, 0.000000, 0.000000, 0.000000, 
325.000000, 0.0000000.0000000.0000310.0027500.0642160.6142950.000000, 0.000000, 0.000000, 0.000000, 0.000000, 0.000000, 
330.000000, 0.0000000.0000000.0000190.0017810.0448820.4603960.000000, 0.000000, 0.000000, 0.000000, 0.000000, 0.000000, 
335.000000, 0.0000000.0000000.0000110.0011480.0311910.3427880.000000, 0.000000, 0.000000, 0.000000, 0.000000, 0.000000, 
340.000000, 0.0000000.0000000.0000070.0007370.0215570.2536000.000000, 0.000000, 0.000000, 0.000000, 0.000000, 0.000000, 
345.000000, 0.0000000.0000000.0000040.0004710.0148190.1864600.000000, 0.000000, 0.000000, 0.000000, 0.000000, 0.000000, 
350.000000, 0.0000000.0000000.0000020.0003000.0101340.1362750.000000, 0.000000, 0.000000, 0.000000, 0.000000, 0.000000, 
355.000000, 0.0000000.0000000.0000010.0001900.0068960.0990190.000000, 0.000000, 0.000000, 0.000000, 0.000000, 0.000000, 
360.000000, 0.0000000.0000000.0000010.0001200.0046700.0715440.000000, 0.000000, 0.000000, 0.000000, 0.000000, 0.000000, 
365.000000, 0.0000000.0000000.0000000.0000750.0031470.0514100.000000, 0.000000, 0.000000, 0.000000, 0.000000, 0.000000, 
370.000000, 0.0000000.0000000.0000000.0000470.0021120.0367450.000000, 0.000000, 0.000000, 0.000000, 0.000000, 0.000000, 
375.000000, 0.0000000.0000000.0000000.0000290.0014100.0261280.000000, 0.000000, 0.000000, 0.000000, 0.000000, 0.000000, 
380.000000, 0.0000000.0000000.0000000.0000180.0009380.0184860.000000, 0.000000, 0.000000, 0.000000, 0.000000, 0.000000, 
385.000000, 0.0000000.0000000.0000000.0000110.0006210.0130150.000000, 0.000000, 0.000000, 0.000000, 0.000000, 0.000000, 
390.000000, 0.0000000.0000000.0000000.0000070.0004100.0091200.000000, 0.000000, 0.000000, 0.000000, 0.000000, 0.000000, 
395.000000, 0.0000000.0000000.0000000.0000040.0002690.0063610.000000, 0.000000, 0.000000, 0.000000, 0.000000, 0.000000, 
400.000000, 0.0000000.0000000.0000000.0000030.0001760.0044170.000000, 0.000000, 0.000000, 0.000000, 0.000000, 0.000000, 
