Norms are:
	-One norm: 0.0667188
	-Two norm: 0.11612
	-Uniform norm: 0.197181
Numerical 					 Analytical
x t=0s t=0.1s t=0.2s t=0.3s t=0.4s t=0.5s
0.000000, 0.0000000.0000000.0000000.0000000.0000000.0000000.000000, 0.000000, 0.000000, 0.000000, 0.000000, 0.000000, 
5.000000, 0.0000000.0000000.0000000.0000000.0000000.0000000.000000, 0.000000, 0.000000, 0.000000, 0.000000, 0.000000, 
10.000000, 0.0000000.0000000.0000000.0000000.0000000.0000000.000000, 0.000000, 0.000000, 0.000000, 0.000000, 0.000000, 
15.000000, 0.0000000.0000000.0000000.0000000.0000000.0000000.000000, 0.000000, 0.000000, 0.000000, 0.000000, 0.000000, 
20.000000, 0.0000000.0000000.0000000.0000000.0000000.0000000.000000, 0.000000, 0.000000, 0.000000, 0.000000, 0.000000, 
25.000000, 0.0000000.0000000.0000000.0000000.0000000.0000000.000000, 0.000000, 0.000000, 0.000000, 0.000000, 0.000000, 
30.000000, 0.0000000.0000000.0000000.0000000.0000000.0000000.000000, 0.000000, 0.000000, 0.000000, 0.000000, 0.000000, 
35.000000, 0.0000000.0000000.0000000.0000000.0000000.0000000.000000, 0.000000, 0.000000, 0.000000, 0.000000, 0.000000, 
40.000000, 0.0000000.0000000.0000000.0000000.0000000.0000000.000000, 0.000000, 0.000000, 0.000000, 0.000000, 0.000000, 
45.000000, 0.0000000.0000000.0000000.0000000.0000000.0000000.000000, 0.000000, 0.000000, 0.000000, 0.000000, 0.000000, 
50.000000, 0.0000000.0000000.0000000.0000000.0000000.0000000.000000, 0.000000, 0.000000, 0.000000, 0.000000, 0.000000, 
55.000000, 25.8819050.2983980.0034400.0000400.0000000.00000025.881905, 0.000000, 0.000000, 0.000000, 0.000000, 0.000000, 
60.000000, 50.0000001.7700530.0341690.0005530.0000080.00000050.000000, 0.000000, 0.000000, 0.000000, 0.000000, 0.000000, 
65.000000, 70.7106785.6276250.1754100.0039310.0000750.00000170.710678, 0.000000, 0.000000, 0.000000, 0.000000, 0.000000, 
70.000000, 86.60254012.7779480.6206540.0190430.0004600.00001086.602540, 0.000000, 0.000000, 0.000000, 0.000000, 0.000000, 
75.000000, 96.59258323.2851781.7029090.0706590.0021590.00005596.592583, -0.000000, 0.000000, 0.000000, 0.000000, 0.000000, 
80.000000, 100.00000036.2641573.8646930.2142330.0082280.000251100.000000, 25.881905, 0.000000, 0.000000, 0.000000, 0.000000, 
85.000000, 96.59258350.1539577.5564750.5528840.0265360.00097396.592583, 50.000000, 0.000000, 0.000000, 0.000000, 0.000000, 
90.000000, 86.60254063.13831113.0902971.2492470.0744870.00327486.602540, 70.710678, 0.000000, 0.000000, 0.000000, 0.000000, 
95.000000, 70.71067873.51580620.5015132.5227540.1857690.00975170.710678, 86.602540, 0.000000, 0.000000, 0.000000, 0.000000, 
100.000000, 50.00000079.93855629.4696924.6251150.4181630.02612150.000000, 96.592583, 0.000000, 0.000000, 0.000000, 0.000000, 
105.000000, 25.88190581.52566139.3245877.7933520.8601760.06372925.881905, 100.000000, 25.881905, 0.000000, 0.000000, 0.000000, 
110.000000, 0.00000077.89076549.13141712.1882101.6332130.1430280.000000, 96.592583, 50.000000, 0.000000, 0.000000, 0.000000, 
115.000000, 0.00000069.41862457.83052817.8324782.8859090.2977440.000000, 86.602540, 70.710678, 0.000000, 0.000000, 0.000000, 
120.000000, 0.00000057.49422464.40575924.5659404.7783770.5789130.000000, 70.710678, 86.602540, 0.000000, 0.000000, 0.000000, 
125.000000, 0.00000044.19826368.05970832.0308937.4565291.0575170.000000, 50.000000, 96.592583, 0.000000, 0.000000, 0.000000, 
130.000000, 0.00000031.58467568.36707339.69567111.0196391.8241280.000000, 25.881905, 100.000000, 25.881905, 0.000000, 0.000000, 
135.000000, 0.00000021.05428665.36537846.91556915.4870532.9840610.000000, 0.000000, 96.592583, 50.000000, 0.000000, 0.000000, 
140.000000, 0.00000013.15104059.54661853.02220820.7715364.6471580.000000, 0.000000, 86.602540, 70.710678, 0.000000, 0.000000, 
145.000000, 0.0000007.73511851.74309257.42529626.6665286.9123790.000000, 0.000000, 70.710678, 86.602540, 0.000000, 0.000000, 
150.000000, 0.0000004.30507842.94122759.70624632.8525239.8487740.000000, 0.000000, 50.000000, 96.592583, 0.000000, 0.000000, 
155.000000, 0.0000002.27778234.08327759.68336238.92414213.4757010.000000, 0.000000, 25.881905, 100.000000, 25.881905, 0.000000, 
160.000000, 0.0000001.15057525.91432257.43413644.43507317.7460520.000000, 0.000000, 0.000000, 96.592583, 50.000000, 0.000000, 
165.000000, 0.0000000.55702618.90631953.27063648.95388522.5363880.000000, 0.000000, 0.000000, 86.602540, 70.710678, 0.000000, 
170.000000, 0.0000000.25936613.25894747.67571452.12091127.6471390.000000, 0.000000, 0.000000, 70.710678, 86.602540, 0.000000, 
175.000000, 0.0000000.1165178.95410741.21688053.69572532.8143980.000000, 0.000000, 0.000000, 50.000000, 96.592583, 0.000000, 
180.000000, 0.0000000.0506445.83334034.45820753.58652437.7327620.000000, 0.000000, 0.000000, 25.881905, 100.000000, 25.881905, 
185.000000, 0.0000000.0213513.67237927.88805051.85657442.0864030.000000, 0.000000, 0.000000, 0.000000, 96.592583, 50.000000, 
190.000000, 0.0000000.0087512.23789921.87345548.70769845.5838190.000000, 0.000000, 0.000000, 0.000000, 86.602540, 70.710678, 
195.000000, 0.0000000.0034941.32218716.64380644.44539447.9908140.000000, 0.000000, 0.000000, 0.000000, 70.710678, 86.602540, 
200.000000, 0.0000000.0013610.75852112.29930739.43331549.1564460.000000, 0.000000, 0.000000, 0.000000, 50.000000, 96.592583, 
205.000000, 0.0000000.0005180.4231488.83589134.04593549.0280010.000000, 0.000000, 0.000000, 0.000000, 25.881905, 100.000000, 
210.000000, 0.0000000.0001930.2298576.17733228.62723547.6530740.000000, 0.000000, 0.000000, 0.000000, 0.000000, 96.592583, 
215.000000, 0.0000000.0000710.1217374.20687923.46079145.1691450.000000, 0.000000, 0.000000, 0.000000, 0.000000, 86.602540, 
220.000000, 0.0000000.0000250.0629382.79345918.75353141.7831590.000000, 0.000000, 0.000000, 0.000000, 0.000000, 70.710678, 
225.000000, 0.0000000.0000090.0317991.81029214.63255937.7449710.000000, 0.000000, 0.000000, 0.000000, 0.000000, 50.000000, 
230.000000, 0.0000000.0000030.0157181.14594811.15233133.3190950.000000, 0.000000, 0.000000, 0.000000, 0.000000, 25.881905, 
235.000000, 0.0000000.0000010.0076080.7091898.30849328.7588080.000000, 0.000000, 0.000000, 0.000000, 0.000000, 0.000000, 
240.000000, 0.0000000.0000000.0036100.4294346.05459124.2856750.000000, 0.000000, 0.000000, 0.000000, 0.000000, 0.000000, 
245.000000, 0.0000000.0000000.0016800.2546294.31856420.0761610.000000, 0.000000, 0.000000, 0.000000, 0.000000, 0.000000, 
250.000000, 0.0000000.0000000.0007680.1479533.01691816.2556460.000000, 0.000000, 0.000000, 0.000000, 0.000000, 0.000000, 
255.000000, 0.0000000.0000000.0003450.0843052.06550412.8989820.000000, 0.000000, 0.000000, 0.000000, 0.000000, 0.000000, 
260.000000, 0.0000000.0000000.0001520.0471411.38671410.0360300.000000, 0.000000, 0.000000, 0.000000, 0.000000, 0.000000, 
265.000000, 0.0000000.0000000.0000660.0258840.9134777.6602820.000000, 0.000000, 0.000000, 0.000000, 0.000000, 0.000000, 
270.000000, 0.0000000.0000000.0000280.0139650.5907465.7387660.000000, 0.000000, 0.000000, 0.000000, 0.000000, 0.000000, 
275.000000, 0.0000000.0000000.0000120.0074080.3752594.2217380.000000, 0.000000, 0.000000, 0.000000, 0.000000, 0.000000, 
280.000000, 0.0000000.0000000.0000050.0038650.2342683.0511630.000000, 0.000000, 0.000000, 0.000000, 0.000000, 0.000000, 
285.000000, 0.0000000.0000000.0000020.0019850.1438022.1673880.000000, 0.000000, 0.000000, 0.000000, 0.000000, 0.000000, 
290.000000, 0.0000000.0000000.0000010.0010040.0868361.5138930.000000, 0.000000, 0.000000, 0.000000, 0.000000, 0.000000, 
295.000000, 0.0000000.0000000.0000000.0005000.0516071.0402210.000000, 0.000000, 0.000000, 0.000000, 0.000000, 0.000000, 
300.000000, 0.0000000.0000000.0000000.0002460.0302000.7034060.000000, 0.000000, 0.000000, 0.000000, 0.000000, 0.000000, 
305.000000, 0.0000000.0000000.0000000.0001190.0174080.4682850.000000, 0.000000, 0.000000, 0.000000, 0.000000, 0.000000, 
310.000000, 0.0000000.0000000.0000000.0000570.0098890.3070470.000000, 0.000000, 0.000000, 0.000000, 0.000000, 0.000000, 
315.000000, 0.0000000.0000000.0000000.0000270.0055380.1983600.000000, 0.000000, 0.000000, 0.000000, 0.000000, 0.000000, 
320.000000, 0.0000000.0000000.0000000.0000120.0030590.1263020.000000, 0.000000, 0.000000, 0.000000, 0.000000, 0.000000, 
325.000000, 0.0000000.0000000.0000000.0000060.0016670.0792930.000000, 0.000000, 0.000000, 0.000000, 0.000000, 0.000000, 
330.000000, 0.0000000.0000000.0000000.0000030.0008960.0490980.000000, 0.000000, 0.000000, 0.000000, 0.000000, 0.000000, 
335.000000, 0.0000000.0000000.0000000.0000010.0004760.0299950.000000, 0.000000, 0.000000, 0.000000, 0.000000, 0.000000, 
340.000000, 0.0000000.0000000.0000000.0000010.0002500.0180850.000000, 0.000000, 0.000000, 0.000000, 0.000000, 0.000000, 
345.000000, 0.0000000.0000000.0000000.0000000.0001290.0107650.000000, 0.000000, 0.000000, 0.000000, 0.000000, 0.000000, 
350.000000, 0.0000000.0000000.0000000.0000000.0000660.0063280.000000, 0.000000, 0.000000, 0.000000, 0.000000, 0.000000, 
355.000000, 0.0000000.0000000.0000000.0000000.0000340.0036740.000000, 0.000000, 0.000000, 0.000000, 0.000000, 0.000000, 
360.000000, 0.0000000.0000000.0000000.0000000.0000170.0021080.000000, 0.000000, 0.000000, 0.000000, 0.000000, 0.000000, 
365.000000, 0.0000000.0000000.0000000.0000000.0000080.0011960.000000, 0.000000, 0.000000, 0.000000, 0.000000, 0.000000, 
370.000000, 0.0000000.0000000.0000000.0000000.0000040.0006700.000000, 0.000000, 0.000000, 0.000000, 0.000000, 0.000000, 
375.000000, 0.0000000.0000000.0000000.0000000.0000020.0003720.000000, 0.000000, 0.000000, 0.000000, 0.000000, 0.000000, 
380.000000, 0.0000000.0000000.0000000.0000000.0000010.0002040.000000, 0.000000, 0.000000, 0.000000, 0.000000, 0.000000, 
385.000000, 0.0000000.0000000.0000000.0000000.0000000.0001110.000000, 0.000000, 0.000000, 0.000000, 0.000000, 0.000000, 
390.000000, 0.0000000.0000000.0000000.0000000.0000000.0000590.000000, 0.000000, 0.000000, 0.000000, 0.000000, 0.000000, 
395.000000, 0.0000000.0000000.0000000.0000000.0000000.0000320.000000, 0.000000, 0.000000, 0.000000, 0.000000, 0.000000, 
400.000000, 0.0000000.0000000.0000000.0000000.0000000.0000170.000000, 0.000000, 0.000000, 0.000000, 0.000000, 0.000000, 
