Norms are:
	-One norm: 0.0869512
	-Two norm: 0.106213
	-Uniform norm: 0.128869
Numerical 					 Analytical
x t=0s t=0.1s t=0.2s t=0.3s t=0.4s t=0.5s
0.000000, 0.000000-0.070443-1.613520-1.149327-0.719224-1.4490020.000000, 0.000000, 0.000000, 0.000000, 0.000000, 0.000000, 
5.000000, 0.0000000.1252660.847475-0.9286690.543459-0.1752120.000000, 0.000000, 0.000000, 0.000000, 0.000000, 0.000000, 
10.000000, 0.000000-0.267957-1.430177-0.972839-1.087741-1.0054790.000000, 0.000000, 0.000000, 0.000000, 0.000000, 0.000000, 
15.000000, 0.0000000.5079110.807210-0.7494780.396501-0.2346470.000000, 0.000000, 0.000000, 0.000000, 0.000000, 0.000000, 
20.000000, 0.000000-0.887180-0.514104-1.145332-1.439899-0.4102420.000000, 0.000000, 0.000000, 0.000000, 0.000000, 0.000000, 
25.000000, 0.0000001.371288-0.1242750.111641-0.054859-0.3229860.000000, 0.000000, 0.000000, 0.000000, 0.000000, 0.000000, 
30.000000, 0.000000-1.7862690.311635-1.194370-1.454962-0.2176860.000000, 0.000000, 0.000000, 0.000000, 0.000000, 0.000000, 
35.000000, 0.0000001.755342-0.1046050.545439-0.479499-0.4363850.000000, 0.000000, 0.000000, 0.000000, 0.000000, 0.000000, 
40.000000, 0.000000-0.872847-0.427735-1.073347-0.898737-0.5096840.000000, 0.000000, 0.000000, 0.000000, 0.000000, 0.000000, 
45.000000, 0.000000-0.6743690.6806740.889591-0.740665-0.6191230.000000, 0.000000, 0.000000, 0.000000, 0.000000, 0.000000, 
50.000000, 0.0000001.390573-0.458828-0.993843-0.434654-0.7526330.000000, 0.000000, 0.000000, 0.000000, 0.000000, 0.000000, 
55.000000, 25.8819050.4685430.4123460.496348-0.470132-0.77220625.881905, 0.000000, 0.000000, 0.000000, 0.000000, 0.000000, 
60.000000, 50.000000-2.447773-1.213769-0.135521-0.285317-0.76777550.000000, 0.000000, 0.000000, 0.000000, 0.000000, 0.000000, 
65.000000, 70.710678-2.1677721.755951-0.013074-0.202277-0.73014170.710678, 0.000000, 0.000000, 0.000000, 0.000000, 0.000000, 
70.000000, 86.6025403.730614-0.6272060.040442-0.205879-0.61503386.602540, 0.000000, 0.000000, 0.000000, 0.000000, 0.000000, 
75.000000, 96.59258317.1035650.363565-0.305086-0.053589-0.50508996.592583, 0.000000, 0.000000, 0.000000, 0.000000, 0.000000, 
80.000000, 100.00000032.497371-2.3072400.1117560.022788-0.433775100.000000, 25.881905, 0.000000, 0.000000, 0.000000, 0.000000, 
85.000000, 96.59258352.862964-1.5814310.514752-0.087614-0.33933896.592583, 50.000000, 0.000000, 0.000000, 0.000000, 0.000000, 
90.000000, 86.60254066.4395972.8889350.138931-0.145018-0.21822586.602540, 70.710678, 0.000000, 0.000000, 0.000000, 0.000000, 
95.000000, 70.71067883.21728210.493640-0.639888-0.028825-0.13466370.710678, 86.602540, 0.000000, 0.000000, 0.000000, 0.000000, 
100.000000, 50.00000088.85319122.616364-1.3105990.149292-0.11338250.000000, 96.592583, -0.000000, 0.000000, 0.000000, 0.000000, 
105.000000, 25.88190591.46340937.711090-1.1383140.234819-0.11920325.881905, 100.000000, 25.881905, 0.000000, 0.000000, 0.000000, 
110.000000, 0.00000089.80290252.7047271.1859170.070917-0.1032910.000000, 96.592583, 50.000000, 0.000000, 0.000000, 0.000000, 
115.000000, 0.00000079.13027166.0867316.756269-0.430128-0.0301620.000000, 86.602540, 70.710678, 0.000000, 0.000000, 0.000000, 
120.000000, 0.00000061.24453477.16511415.621626-1.0287600.0909900.000000, 70.710678, 86.602540, 0.000000, 0.000000, 0.000000, 
125.000000, 0.00000041.95227284.39008926.971752-1.0297870.1649230.000000, 50.000000, 96.592583, 0.000000, 0.000000, 0.000000, 
130.000000, 0.00000025.85119385.77251239.7547690.4742350.0432790.000000, 25.881905, 100.000000, 25.881905, 0.000000, 0.000000, 
135.000000, 0.00000014.56587280.48893252.8487834.200608-0.3327360.000000, 0.000000, 96.592583, 50.000000, 0.000000, 0.000000, 
140.000000, 0.0000007.61038269.66476064.84445710.450427-0.7824360.000000, 0.000000, 86.602540, 70.710678, 0.000000, 0.000000, 
145.000000, 0.0000003.72963155.79853974.03119519.113051-0.8595400.000000, 0.000000, 70.710678, 86.602540, 0.000000, 0.000000, 
150.000000, 0.0000001.73035841.58822578.83856729.7217870.0315040.000000, 0.000000, 50.000000, 96.592583, 0.000000, 0.000000, 
155.000000, 0.0000000.76572329.02490278.44076041.4422322.4659820.000000, 0.000000, 25.881905, 100.000000, 25.881905, 0.000000, 
160.000000, 0.0000000.32518319.08528273.08883253.0638366.8626450.000000, 0.000000, 0.000000, 96.592583, 50.000000, 0.000000, 
165.000000, 0.0000000.13319511.89135763.98578363.13172213.3949450.000000, 0.000000, 0.000000, 86.602540, 70.710678, 0.000000, 
170.000000, 0.0000000.0528407.05662052.83249070.25067421.9218050.000000, 0.000000, 0.000000, 70.710678, 86.602540, 0.000000, 
175.000000, 0.0000000.0203744.00653141.30997173.44752231.9334960.000000, 0.000000, 0.000000, 50.000000, 96.592583, 0.000000, 
180.000000, 0.0000000.0076582.18517130.70962872.42430342.5523640.000000, 0.000000, 0.000000, 25.881905, 100.000000, 25.881905, 
185.000000, 0.0000000.0028131.14888421.78730367.59659752.6345210.000000, 0.000000, 0.000000, 0.000000, 96.592583, 50.000000, 
190.000000, 0.0000000.0010120.58409814.80359959.92385560.9752150.000000, 0.000000, 0.000000, 0.000000, 86.602540, 70.710678, 
195.000000, 0.0000000.0003570.2879409.66414050.62383266.5622650.000000, 0.000000, 0.000000, 0.000000, 70.710678, 86.602540, 
200.000000, 0.0000000.0001240.1379676.07940140.88515468.7915240.000000, 0.000000, 0.000000, 0.000000, 50.000000, 96.592583, 
205.000000, 0.0000000.0000420.0643933.69495631.66083767.5734060.000000, 0.000000, 0.000000, 0.000000, 25.881905, 100.000000, 
210.000000, 0.0000000.0000140.0293312.17494123.57354463.3059640.000000, 0.000000, 0.000000, 0.000000, 0.000000, 96.592583, 
215.000000, 0.0000000.0000050.0130611.24255116.91921156.7398340.000000, 0.000000, 0.000000, 0.000000, 0.000000, 86.602540, 
220.000000, 0.0000000.0000020.0056940.69033311.73288948.7904550.000000, 0.000000, 0.000000, 0.000000, 0.000000, 70.710678, 
225.000000, 0.0000000.0000010.0024340.3736387.87827640.3563190.000000, 0.000000, 0.000000, 0.000000, 0.000000, 50.000000, 
230.000000, 0.0000000.0000000.0010220.1973295.13229232.1849130.000000, 0.000000, 0.000000, 0.000000, 0.000000, 25.881905, 
235.000000, 0.0000000.0000000.0004210.1018393.24956824.8031620.000000, 0.000000, 0.000000, 0.000000, 0.000000, 0.000000, 
240.000000, 0.0000000.0000000.0001710.0514282.00303418.5075050.000000, 0.000000, 0.000000, 0.000000, 0.000000, 0.000000, 
245.000000, 0.0000000.0000000.0000680.0254441.20380013.3960260.000000, 0.000000, 0.000000, 0.000000, 0.000000, 0.000000, 
250.000000, 0.0000000.0000000.0000270.0123460.7063579.4216650.000000, 0.000000, 0.000000, 0.000000, 0.000000, 0.000000, 
255.000000, 0.0000000.0000000.0000100.0058820.4051826.4488160.000000, 0.000000, 0.000000, 0.000000, 0.000000, 0.000000, 
260.000000, 0.0000000.0000000.0000040.0027540.2274794.3018630.000000, 0.000000, 0.000000, 0.000000, 0.000000, 0.000000, 
265.000000, 0.0000000.0000000.0000020.0012680.1251322.8004780.000000, 0.000000, 0.000000, 0.000000, 0.000000, 0.000000, 
270.000000, 0.0000000.0000000.0000010.0005750.0675091.7813010.000000, 0.000000, 0.000000, 0.000000, 0.000000, 0.000000, 
275.000000, 0.0000000.0000000.0000000.0002570.0357541.1083150.000000, 0.000000, 0.000000, 0.000000, 0.000000, 0.000000, 
280.000000, 0.0000000.0000000.0000000.0001130.0186050.6752490.000000, 0.000000, 0.000000, 0.000000, 0.000000, 0.000000, 
285.000000, 0.0000000.0000000.0000000.0000490.0095200.4032390.000000, 0.000000, 0.000000, 0.000000, 0.000000, 0.000000, 
290.000000, 0.0000000.0000000.0000000.0000210.0047930.2362380.000000, 0.000000, 0.000000, 0.000000, 0.000000, 0.000000, 
295.000000, 0.0000000.0000000.0000000.0000090.0023770.1358910.000000, 0.000000, 0.000000, 0.000000, 0.000000, 0.000000, 
300.000000, 0.0000000.0000000.0000000.0000040.0011610.0768110.000000, 0.000000, 0.000000, 0.000000, 0.000000, 0.000000, 
305.000000, 0.0000000.0000000.0000000.0000020.0005590.0426940.000000, 0.000000, 0.000000, 0.000000, 0.000000, 0.000000, 
310.000000, 0.0000000.0000000.0000000.0000010.0002660.0233520.000000, 0.000000, 0.000000, 0.000000, 0.000000, 0.000000, 
315.000000, 0.0000000.0000000.0000000.0000000.0001250.0125770.000000, 0.000000, 0.000000, 0.000000, 0.000000, 0.000000, 
320.000000, 0.0000000.0000000.0000000.0000000.0000580.0066740.000000, 0.000000, 0.000000, 0.000000, 0.000000, 0.000000, 
325.000000, 0.0000000.0000000.0000000.0000000.0000260.0034910.000000, 0.000000, 0.000000, 0.000000, 0.000000, 0.000000, 
330.000000, 0.0000000.0000000.0000000.0000000.0000120.0018010.000000, 0.000000, 0.000000, 0.000000, 0.000000, 0.000000, 
335.000000, 0.0000000.0000000.0000000.0000000.0000050.0009170.000000, 0.000000, 0.000000, 0.000000, 0.000000, 0.000000, 
340.000000, 0.0000000.0000000.0000000.0000000.0000020.0004610.000000, 0.000000, 0.000000, 0.000000, 0.000000, 0.000000, 
345.000000, 0.0000000.0000000.0000000.0000000.0000010.0002290.000000, 0.000000, 0.000000, 0.000000, 0.000000, 0.000000, 
350.000000, 0.0000000.0000000.0000000.0000000.0000000.0001120.000000, 0.000000, 0.000000, 0.000000, 0.000000, 0.000000, 
355.000000, 0.0000000.0000000.0000000.0000000.0000000.0000540.000000, 0.000000, 0.000000, 0.000000, 0.000000, 0.000000, 
360.000000, 0.0000000.0000000.0000000.0000000.0000000.0000260.000000, 0.000000, 0.000000, 0.000000, 0.000000, 0.000000, 
365.000000, 0.0000000.0000000.0000000.0000000.0000000.0000120.000000, 0.000000, 0.000000, 0.000000, 0.000000, 0.000000, 
370.000000, 0.0000000.0000000.0000000.0000000.0000000.0000060.000000, 0.000000, 0.000000, 0.000000, 0.000000, 0.000000, 
375.000000, 0.0000000.0000000.0000000.0000000.0000000.0000030.000000, 0.000000, 0.000000, 0.000000, 0.000000, 0.000000, 
380.000000, 0.0000000.0000000.0000000.0000000.0000000.0000010.000000, 0.000000, 0.000000, 0.000000, 0.000000, 0.000000, 
385.000000, 0.0000000.0000000.0000000.0000000.0000000.0000010.000000, 0.000000, 0.000000, 0.000000, 0.000000, 0.000000, 
390.000000, 0.0000000.0000000.0000000.0000000.0000000.0000000.000000, 0.000000, 0.000000, 0.000000, 0.000000, 0.000000, 
395.000000, 0.0000000.0000000.0000000.0000000.0000000.0000000.000000, 0.000000, 0.000000, 0.000000, 0.000000, 0.000000, 
400.000000, 0.0000000.0000000.0000000.0000000.0000000.0000000.000000, 0.000000, 0.000000, 0.000000, 0.000000, 0.000000, 
