Norms are:
	-One norm: 0.142353
	-Two norm: 0.17645
	-Uniform norm: 0.21177
Numerical 					 Analytical
x t=0s t=0.1s t=0.2s t=0.3s t=0.4s t=0.5s
0.000000, 0.0000000.0000000.0000000.0000000.0000000.0000000.000000, 0.000000, 0.000000, 0.000000, 0.000000, 0.000000, 
5.000000, 0.0000000.0000000.0000000.0000000.0000000.0000000.000000, 0.000000, 0.000000, 0.000000, 0.000000, 0.000000, 
10.000000, 0.0000000.0000000.0000000.0000000.0000000.0000000.000000, 0.000000, 0.000000, 0.000000, 0.000000, 0.000000, 
15.000000, 0.0000000.0000000.0000000.0000000.0000000.0000000.000000, 0.000000, 0.000000, 0.000000, 0.000000, 0.000000, 
20.000000, 0.0000000.0000000.0000000.0000000.0000000.0000000.000000, 0.000000, 0.000000, 0.000000, 0.000000, 0.000000, 
25.000000, 0.0000000.0000000.0000000.0000000.0000000.0000000.000000, 0.000000, 0.000000, 0.000000, 0.000000, 0.000000, 
30.000000, 0.0000000.0000000.0000000.0000000.0000000.0000000.000000, 0.000000, 0.000000, 0.000000, 0.000000, 0.000000, 
35.000000, 0.0000000.0000000.0000000.0000000.0000000.0000000.000000, 0.000000, 0.000000, 0.000000, 0.000000, 0.000000, 
40.000000, 0.0000000.0000000.0000000.0000000.0000000.0000000.000000, 0.000000, 0.000000, 0.000000, 0.000000, 0.000000, 
45.000000, 0.0000000.0000000.0000000.0000000.0000000.0000000.000000, 0.000000, 0.000000, 0.000000, 0.000000, 0.000000, 
50.000000, 0.0000000.0000000.0000000.0000000.0000000.0000000.000000, 0.000000, 0.000000, 0.000000, 0.000000, 0.000000, 
55.000000, 25.8819050.4488320.0077830.0001350.0000020.00000025.881905, 0.000000, 0.000000, 0.000000, 0.000000, 0.000000, 
60.000000, 50.0000002.3631830.0669260.0016110.0000360.00000150.000000, 0.000000, 0.000000, 0.000000, 0.000000, 0.000000, 
65.000000, 70.7106786.8593470.3031210.0099500.0002800.00000770.710678, 0.000000, 0.000000, 0.000000, 0.000000, 0.000000, 
70.000000, 86.60254014.5452070.9626030.0424070.0015000.00004686.602540, 0.000000, 0.000000, 0.000000, 0.000000, 0.000000, 
75.000000, 96.59258325.2017462.4073770.1401630.0061850.00022996.592583, 0.000000, 0.000000, 0.000000, 0.000000, 0.000000, 
80.000000, 100.00000037.8386105.0495200.3829260.0209090.000924100.000000, 25.881905, 0.000000, 0.000000, 0.000000, 0.000000, 
85.000000, 96.59258350.9783229.2384180.9001270.0603600.00317196.592583, 50.000000, 0.000000, 0.000000, 0.000000, 0.000000, 
90.000000, 86.60254062.99174415.1388131.8711850.1529840.00950686.602540, 70.710678, 0.000000, 0.000000, 0.000000, 0.000000, 
95.000000, 70.71067872.37540722.6412373.5089910.3473690.02541670.710678, 86.602540, 0.000000, 0.000000, 0.000000, 0.000000, 
100.000000, 50.00000077.93548831.3319586.0255200.7175220.06155550.000000, 96.592583, -0.000000, 0.000000, 0.000000, 0.000000, 
105.000000, 25.88190578.88656140.5276749.5846331.3645320.13668825.881905, 100.000000, 25.881905, 0.000000, 0.000000, 0.000000, 
110.000000, 0.00000074.88719949.36169414.2520392.4121180.2810320.000000, 96.592583, 50.000000, 0.000000, 0.000000, 0.000000, 
115.000000, 0.00000066.48147156.90641719.9544463.9945440.5392830.000000, 86.602540, 70.710678, 0.000000, 0.000000, 0.000000, 
120.000000, 0.00000055.18128062.32081626.4587746.2370740.9723110.000000, 70.710678, 86.602540, 0.000000, 0.000000, 0.000000, 
125.000000, 0.00000042.94012265.00223533.3788299.2312351.6563750.000000, 50.000000, 96.592583, 0.000000, 0.000000, 0.000000, 
130.000000, 0.00000031.47071264.70455540.21168813.0090572.6788540.000000, 25.881905, 100.000000, 25.881905, 0.000000, 0.000000, 
135.000000, 0.00000021.83983761.58234846.39992717.5215394.1300010.000000, 0.000000, 96.592583, 50.000000, 0.000000, 0.000000, 
140.000000, 0.00000014.42925556.14301651.40941922.6266516.0910350.000000, 0.000000, 86.602540, 70.710678, 0.000000, 0.000000, 
145.000000, 0.0000009.12226049.12355254.80768628.0908578.6197800.000000, 0.000000, 70.710678, 86.602540, 0.000000, 0.000000, 
150.000000, 0.0000005.54406441.33417856.32648633.60580911.7359510.000000, 0.000000, 50.000000, 96.592583, 0.000000, 0.000000, 
155.000000, 0.0000003.25236233.51551755.89564338.81877415.4086850.000000, 0.000000, 25.881905, 100.000000, 25.881905, 0.000000, 
160.000000, 0.0000001.84831426.24177553.64222943.37242019.5489980.000000, 0.000000, 0.000000, 96.592583, 50.000000, 0.000000, 
165.000000, 0.0000001.02076019.88060049.85772046.94738124.0092750.000000, 0.000000, 0.000000, 86.602540, 70.710678, 0.000000, 
170.000000, 0.0000000.54933214.60173044.94288349.30031828.5908480.000000, 0.000000, 0.000000, 70.710678, 86.602540, 0.000000, 
175.000000, 0.0000000.28877010.41667339.34379650.29106033.0593410.000000, 0.000000, 0.000000, 50.000000, 96.592583, 0.000000, 
180.000000, 0.0000000.1485897.23054533.49207049.89474337.1660080.000000, 0.000000, 0.000000, 25.881905, 100.000000, 25.881905, 
185.000000, 0.0000000.0749804.89160027.75886148.19789740.6721490.000000, 0.000000, 0.000000, 0.000000, 96.592583, 50.000000, 
190.000000, 0.0000000.0371643.23029422.42736945.38048143.3731060.000000, 0.000000, 0.000000, 0.000000, 86.602540, 70.710678, 
195.000000, 0.0000000.0181202.08531017.68374241.68813045.1183580.000000, 0.000000, 0.000000, 0.000000, 70.710678, 86.602540, 
200.000000, 0.0000000.0087021.31770713.62290237.40002545.8250080.000000, 0.000000, 0.000000, 0.000000, 50.000000, 96.592583, 
205.000000, 0.0000000.0041210.81606610.26415832.79764045.4830720.000000, 0.000000, 0.000000, 0.000000, 25.881905, 100.000000, 
210.000000, 0.0000000.0019260.4958967.57132528.13859044.1524040.000000, 0.000000, 0.000000, 0.000000, 0.000000, 96.592583, 
215.000000, 0.0000000.0008890.2959895.47305923.63810841.9523440.000000, 0.000000, 0.000000, 0.000000, 0.000000, 86.602540, 
220.000000, 0.0000000.0004060.1737043.88053519.45897139.0461510.000000, 0.000000, 0.000000, 0.000000, 0.000000, 70.710678, 
225.000000, 0.0000000.0001840.1003212.70102715.70924035.6227770.000000, 0.000000, 0.000000, 0.000000, 0.000000, 50.000000, 
230.000000, 0.0000000.0000820.0570671.84711812.44616831.8785270.000000, 0.000000, 0.000000, 0.000000, 0.000000, 25.881905, 
235.000000, 0.0000000.0000360.0319991.2420039.68421928.0007800.000000, 0.000000, 0.000000, 0.000000, 0.000000, 0.000000, 
240.000000, 0.0000000.0000160.0176990.8217277.40511824.1552710.000000, 0.000000, 0.000000, 0.000000, 0.000000, 0.000000, 
245.000000, 0.0000000.0000070.0096640.5353135.56820120.4776810.000000, 0.000000, 0.000000, 0.000000, 0.000000, 0.000000, 
250.000000, 0.0000000.0000030.0052120.3435924.11981917.0695990.000000, 0.000000, 0.000000, 0.000000, 0.000000, 0.000000, 
255.000000, 0.0000000.0000010.0027780.2174213.00105813.9983240.000000, 0.000000, 0.000000, 0.000000, 0.000000, 0.000000, 
260.000000, 0.0000000.0000010.0014640.1357162.15350011.2996720.000000, 0.000000, 0.000000, 0.000000, 0.000000, 0.000000, 
265.000000, 0.0000000.0000000.0007630.0836131.5230728.9827730.000000, 0.000000, 0.000000, 0.000000, 0.000000, 0.000000, 
270.000000, 0.0000000.0000000.0003940.0508681.0622357.0358870.000000, 0.000000, 0.000000, 0.000000, 0.000000, 0.000000, 
275.000000, 0.0000000.0000000.0002010.0305750.7308955.4323990.000000, 0.000000, 0.000000, 0.000000, 0.000000, 0.000000, 
280.000000, 0.0000000.0000000.0001020.0181650.4963924.1363890.000000, 0.000000, 0.000000, 0.000000, 0.000000, 0.000000, 
285.000000, 0.0000000.0000000.0000510.0106720.3329053.1073700.000000, 0.000000, 0.000000, 0.000000, 0.000000, 0.000000, 
290.000000, 0.0000000.0000000.0000250.0062030.2205592.3040070.000000, 0.000000, 0.000000, 0.000000, 0.000000, 0.000000, 
295.000000, 0.0000000.0000000.0000130.0035680.1444151.6868030.000000, 0.000000, 0.000000, 0.000000, 0.000000, 0.000000, 
300.000000, 0.0000000.0000000.0000060.0020320.0934871.2198270.000000, 0.000000, 0.000000, 0.000000, 0.000000, 0.000000, 
305.000000, 0.0000000.0000000.0000030.0011460.0598540.8716510.000000, 0.000000, 0.000000, 0.000000, 0.000000, 0.000000, 
310.000000, 0.0000000.0000000.0000010.0006400.0379140.6156710.000000, 0.000000, 0.000000, 0.000000, 0.000000, 0.000000, 
315.000000, 0.0000000.0000000.0000010.0003550.0237690.4299930.000000, 0.000000, 0.000000, 0.000000, 0.000000, 0.000000, 
320.000000, 0.0000000.0000000.0000000.0001950.0147530.2970430.000000, 0.000000, 0.000000, 0.000000, 0.000000, 0.000000, 
325.000000, 0.0000000.0000000.0000000.0001060.0090680.2030290.000000, 0.000000, 0.000000, 0.000000, 0.000000, 0.000000, 
330.000000, 0.0000000.0000000.0000000.0000570.0055210.1373430.000000, 0.000000, 0.000000, 0.000000, 0.000000, 0.000000, 
335.000000, 0.0000000.0000000.0000000.0000310.0033310.0919780.000000, 0.000000, 0.000000, 0.000000, 0.000000, 0.000000, 
340.000000, 0.0000000.0000000.0000000.0000160.0019920.0609980.000000, 0.000000, 0.000000, 0.000000, 0.000000, 0.000000, 
345.000000, 0.0000000.0000000.0000000.0000090.0011810.0400690.000000, 0.000000, 0.000000, 0.000000, 0.000000, 0.000000, 
350.000000, 0.0000000.0000000.0000000.0000050.0006940.0260790.000000, 0.000000, 0.000000, 0.000000, 0.000000, 0.000000, 
355.000000, 0.0000000.0000000.0000000.0000020.0004050.0168210.000000, 0.000000, 0.000000, 0.000000, 0.000000, 0.000000, 
360.000000, 0.0000000.0000000.0000000.0000010.0002340.0107540.000000, 0.000000, 0.000000, 0.000000, 0.000000, 0.000000, 
365.000000, 0.0000000.0000000.0000000.0000010.0001350.0068170.000000, 0.000000, 0.000000, 0.000000, 0.000000, 0.000000, 
370.000000, 0.0000000.0000000.0000000.0000000.0000770.0042860.000000, 0.000000, 0.000000, 0.000000, 0.000000, 0.000000, 
375.000000, 0.0000000.0000000.0000000.0000000.0000430.0026720.000000, 0.000000, 0.000000, 0.000000, 0.000000, 0.000000, 
380.000000, 0.0000000.0000000.0000000.0000000.0000240.0016530.000000, 0.000000, 0.000000, 0.000000, 0.000000, 0.000000, 
385.000000, 0.0000000.0000000.0000000.0000000.0000140.0010150.000000, 0.000000, 0.000000, 0.000000, 0.000000, 0.000000, 
390.000000, 0.0000000.0000000.0000000.0000000.0000080.0006180.000000, 0.000000, 0.000000, 0.000000, 0.000000, 0.000000, 
395.000000, 0.0000000.0000000.0000000.0000000.0000040.0003740.000000, 0.000000, 0.000000, 0.000000, 0.000000, 0.000000, 
400.000000, 0.0000000.0000000.0000000.0000000.0000020.0002250.000000, 0.000000, 0.000000, 0.000000, 0.000000, 0.000000, 
